4822,9070,0.6
354,11247,0.6666666666666667
3135,5015,0.6666666666666667
1800,11177,0.7142857142857143
944,2768,0.75
968,6241,0.75
1598,7561,0.75
3067,6328,0.75
3190,5490,0.75
3741,8032,0.75
4244,6846,0.75
7634,8525,0.75
211,3930,0.8
677,7342,0.8
1800,4244,0.8
1844,6846,0.8
1896,4482,0.8
2270,6605,0.8
2725,9398,0.8
5490,10323,0.8
6490,9192,0.8
8926,11424,0.8
2578,7522,0.8181818181818181
6576,7578,0.8181818181818181
871,8705,0.8333333333333334
1307,2209,0.8333333333333334
2578,8562,0.8333333333333334
871,4301,0.8571428571428572
979,4723,0.8571428571428572
4482,10851,0.8571428571428572
6061,8617,0.8571428571428572
1268,6241,0.875
2645,5798,0.875
2954,4830,0.875
3081,11320,0.875
5445,7757,0.875
7238,7610,0.875
9514,10126,0.875
2364,7733,0.8888888888888888
4355,7522,0.9
435,10768,0.9166666666666666
4188,11244,0.9285714285714286
6236,7763,0.9375
10658,10768,0.9411764705882353
46,47,1.0
46,92,1.0
46,97,1.0
46,102,1.0
46,137,1.0
46,146,1.0
46,161,1.0
46,172,1.0
46,179,1.0
46,192,1.0
46,203,1.0
46,205,1.0
46,211,1.0
46,222,1.0
46,251,1.0
46,252,1.0
46,279,1.0
46,307,1.0
46,313,1.0
46,338,1.0
46,346,1.0
46,354,1.0
46,363,1.0
46,365,1.0
46,375,1.0
46,381,1.0
46,395,1.0
46,400,1.0
46,435,1.0
46,456,1.0
46,473,1.0
46,496,1.0
46,516,1.0
46,525,1.0
46,538,1.0
46,599,1.0
46,622,1.0
46,633,1.0
46,662,1.0
46,677,1.0
46,714,1.0
46,716,1.0
46,730,1.0
46,732,1.0
46,757,1.0
46,770,1.0
46,805,1.0
46,819,1.0
46,871,1.0
46,886,1.0
46,901,1.0
46,927,1.0
46,940,1.0
46,944,1.0
46,968,1.0
46,970,1.0
46,979,1.0
46,999,1.0
46,1020,1.0
46,1052,1.0
46,1082,1.0
46,1084,1.0
46,1124,1.0
46,1143,1.0
46,1147,1.0
46,1149,1.0
46,1162,1.0
46,1163,1.0
46,1197,1.0
46,1199,1.0
46,1253,1.0
46,1262,1.0
46,1276,1.0
46,1285,1.0
46,1307,1.0
46,1332,1.0
46,1340,1.0
46,1359,1.0
46,1426,1.0
46,1430,1.0
46,1480,1.0
46,1526,1.0
46,1538,1.0
46,1541,1.0
46,1551,1.0
46,1570,1.0
46,1581,1.0
46,1585,1.0
46,1592,1.0
46,1598,1.0
46,1601,1.0
46,1612,1.0
46,1614,1.0
46,1632,1.0
46,1687,1.0
46,1775,1.0
46,1795,1.0
46,1800,1.0
46,1818,1.0
46,1819,1.0
46,1826,1.0
46,1886,1.0
46,1890,1.0
46,1896,1.0
46,1928,1.0
46,1943,1.0
46,1961,1.0
46,1968,1.0
46,1995,1.0
46,2018,1.0
46,2023,1.0
46,2046,1.0
46,2056,1.0
46,2058,1.0
46,2098,1.0
46,2153,1.0
46,2154,1.0
46,2164,1.0
46,2178,1.0
46,2179,1.0
46,2181,1.0
46,2234,1.0
46,2235,1.0
46,2237,1.0
46,2242,1.0
46,2250,1.0
46,2270,1.0
46,2303,1.0
46,2357,1.0
46,2364,1.0
46,2366,1.0
46,2386,1.0
46,2391,1.0
46,2405,1.0
46,2406,1.0
46,2409,1.0
46,2510,1.0
46,2551,1.0
46,2564,1.0
46,2568,1.0
46,2578,1.0
46,2584,1.0
46,2623,1.0
46,2645,1.0
46,2654,1.0
46,2660,1.0
46,2663,1.0
46,2689,1.0
46,2714,1.0
46,2725,1.0
46,2738,1.0
46,2791,1.0
46,2841,1.0
46,2862,1.0
46,2924,1.0
46,2927,1.0
46,2930,1.0
46,2931,1.0
46,2943,1.0
46,2954,1.0
46,3001,1.0
46,3007,1.0
46,3027,1.0
46,3034,1.0
46,3067,1.0
46,3077,1.0
46,3081,1.0
46,3082,1.0
46,3114,1.0
46,3135,1.0
46,3172,1.0
46,3190,1.0
46,3201,1.0
46,3207,1.0
46,3211,1.0
46,3231,1.0
46,3290,1.0
46,3299,1.0
46,3327,1.0
46,3368,1.0
46,3369,1.0
46,3386,1.0
46,3411,1.0
46,3431,1.0
46,3482,1.0
46,3493,1.0
46,3541,1.0
46,3554,1.0
46,3557,1.0
46,3578,1.0
46,3580,1.0
46,3594,1.0
46,3611,1.0
46,3617,1.0
46,3684,1.0
46,3690,1.0
46,3717,1.0
46,3741,1.0
46,3763,1.0
46,3803,1.0
46,3810,1.0
46,3818,1.0
46,3864,1.0
46,3873,1.0
46,3899,1.0
46,3906,1.0
46,3925,1.0
46,3926,1.0
46,3935,1.0
46,3983,1.0
46,3997,1.0
46,3998,1.0
46,3999,1.0
46,4007,1.0
46,4020,1.0
46,4029,1.0
46,4098,1.0
46,4099,1.0
46,4105,1.0
46,4109,1.0
46,4125,1.0
46,4188,1.0
46,4217,1.0
46,4270,1.0
46,4331,1.0
46,4335,1.0
46,4353,1.0
46,4358,1.0
46,4359,1.0
46,4378,1.0
46,4379,1.0
46,4394,1.0
46,4404,1.0
46,4417,1.0
46,4418,1.0
46,4423,1.0
46,4435,1.0
46,4464,1.0
46,4472,1.0
46,4486,1.0
46,4551,1.0
46,4562,1.0
46,4584,1.0
46,4586,1.0
46,4596,1.0
46,4642,1.0
46,4664,1.0
46,4668,1.0
46,4697,1.0
46,4727,1.0
46,4728,1.0
46,4745,1.0
46,4756,1.0
46,4822,1.0
46,4882,1.0
46,4943,1.0
46,4961,1.0
46,4980,1.0
46,4983,1.0
46,5028,1.0
46,5079,1.0
46,5094,1.0
46,5121,1.0
46,5130,1.0
46,5205,1.0
46,5219,1.0
46,5237,1.0
46,5243,1.0
46,5266,1.0
46,5273,1.0
46,5293,1.0
46,5301,1.0
46,5318,1.0
46,5334,1.0
46,5345,1.0
46,5347,1.0
46,5391,1.0
46,5406,1.0
46,5445,1.0
46,5448,1.0
46,5456,1.0
46,5460,1.0
46,5463,1.0
46,5526,1.0
46,5527,1.0
46,5537,1.0
46,5576,1.0
46,5582,1.0
46,5591,1.0
46,5608,1.0
46,5613,1.0
46,5620,1.0
46,5652,1.0
46,5665,1.0
46,5693,1.0
46,5699,1.0
46,5700,1.0
46,5747,1.0
46,5773,1.0
46,5792,1.0
46,5814,1.0
46,5841,1.0
46,5877,1.0
46,5887,1.0
46,5899,1.0
46,5900,1.0
46,5919,1.0
46,5923,1.0
46,5939,1.0
46,5965,1.0
46,5975,1.0
46,5987,1.0
46,5994,1.0
46,6020,1.0
46,6023,1.0
46,6052,1.0
46,6061,1.0
46,6086,1.0
46,6092,1.0
46,6097,1.0
46,6201,1.0
46,6204,1.0
46,6207,1.0
46,6224,1.0
46,6236,1.0
46,6244,1.0
46,6253,1.0
46,6282,1.0
46,6312,1.0
46,6320,1.0
46,6332,1.0
46,6334,1.0
46,6342,1.0
46,6360,1.0
46,6462,1.0
46,6465,1.0
46,6490,1.0
46,6527,1.0
46,6533,1.0
46,6544,1.0
46,6553,1.0
46,6576,1.0
46,6590,1.0
46,6601,1.0
46,6621,1.0
46,6632,1.0
46,6678,1.0
46,6690,1.0
46,6704,1.0
46,6705,1.0
46,6706,1.0
46,6729,1.0
46,6760,1.0
46,6799,1.0
46,6801,1.0
46,6811,1.0
46,6813,1.0
46,6829,1.0
46,6844,1.0
46,6848,1.0
46,6867,1.0
46,6906,1.0
46,6928,1.0
46,6931,1.0
46,6966,1.0
46,6968,1.0
46,6971,1.0
46,6981,1.0
46,6994,1.0
46,7015,1.0
46,7019,1.0
46,7028,1.0
46,7070,1.0
46,7073,1.0
46,7080,1.0
46,7093,1.0
46,7097,1.0
46,7130,1.0
46,7131,1.0
46,7134,1.0
46,7142,1.0
46,7143,1.0
46,7165,1.0
46,7173,1.0
46,7184,1.0
46,7198,1.0
46,7222,1.0
46,7228,1.0
46,7238,1.0
46,7240,1.0
46,7253,1.0
46,7318,1.0
46,7373,1.0
46,7394,1.0
46,7422,1.0
46,7434,1.0
46,7437,1.0
46,7440,1.0
46,7442,1.0
46,7454,1.0
46,7463,1.0
46,7475,1.0
46,7483,1.0
46,7495,1.0
46,7499,1.0
46,7531,1.0
46,7536,1.0
46,7540,1.0
46,7555,1.0
46,7574,1.0
46,7585,1.0
46,7604,1.0
46,7614,1.0
46,7634,1.0
46,7684,1.0
46,7689,1.0
46,7693,1.0
46,7700,1.0
46,7758,1.0
46,7783,1.0
46,7798,1.0
46,7876,1.0
46,7921,1.0
46,7929,1.0
46,7940,1.0
46,7947,1.0
46,7950,1.0
46,7954,1.0
46,7964,1.0
46,7972,1.0
46,7975,1.0
46,8006,1.0
46,8063,1.0
46,8071,1.0
46,8086,1.0
46,8087,1.0
46,8092,1.0
46,8107,1.0
46,8108,1.0
46,8115,1.0
46,8125,1.0
46,8147,1.0
46,8173,1.0
46,8192,1.0
46,8197,1.0
46,8199,1.0
46,8217,1.0
46,8218,1.0
46,8220,1.0
46,8241,1.0
46,8394,1.0
46,8415,1.0
46,8418,1.0
46,8443,1.0
46,8460,1.0
46,8482,1.0
46,8494,1.0
46,8497,1.0
46,8522,1.0
46,8531,1.0
46,8559,1.0
46,8564,1.0
46,8568,1.0
46,8602,1.0
46,8636,1.0
46,8641,1.0
46,8651,1.0
46,8655,1.0
46,8661,1.0
46,8662,1.0
46,8681,1.0
46,8690,1.0
46,8698,1.0
46,8700,1.0
46,8715,1.0
46,8733,1.0
46,8764,1.0
46,8788,1.0
46,8792,1.0
46,8798,1.0
46,8804,1.0
46,8818,1.0
46,8821,1.0
46,8917,1.0
46,8926,1.0
46,8934,1.0
46,8937,1.0
46,8987,1.0
46,8994,1.0
46,9001,1.0
46,9027,1.0
46,9046,1.0
46,9060,1.0
46,9084,1.0
46,9119,1.0
46,9129,1.0
46,9156,1.0
46,9168,1.0
46,9203,1.0
46,9233,1.0
46,9246,1.0
46,9271,1.0
46,9277,1.0
46,9280,1.0
46,9341,1.0
46,9356,1.0
46,9371,1.0
46,9372,1.0
46,9381,1.0
46,9396,1.0
46,9401,1.0
46,9412,1.0
46,9467,1.0
46,9487,1.0
46,9514,1.0
46,9544,1.0
46,9546,1.0
46,9547,1.0
46,9563,1.0
46,9568,1.0
46,9583,1.0
46,9589,1.0
46,9642,1.0
46,9700,1.0
46,9729,1.0
46,9732,1.0
46,9738,1.0
46,9740,1.0
46,9754,1.0
46,9785,1.0
46,9793,1.0
46,9803,1.0
46,9814,1.0
46,9830,1.0
46,9849,1.0
46,9861,1.0
46,9885,1.0
46,9902,1.0
46,9936,1.0
46,9974,1.0
46,10006,1.0
46,10019,1.0
46,10021,1.0
46,10024,1.0
46,10039,1.0
46,10043,1.0
46,10045,1.0
46,10047,1.0
46,10083,1.0
46,10085,1.0
46,10088,1.0
46,10118,1.0
46,10173,1.0
46,10179,1.0
46,10185,1.0
46,10195,1.0
46,10218,1.0
46,10246,1.0
46,10255,1.0
46,10284,1.0
46,10316,1.0
46,10321,1.0
46,10336,1.0
46,10344,1.0
46,10362,1.0
46,10385,1.0
46,10386,1.0
46,10429,1.0
46,10469,1.0
46,10478,1.0
46,10491,1.0
46,10498,1.0
46,10500,1.0
46,10503,1.0
46,10551,1.0
46,10565,1.0
46,10591,1.0
46,10613,1.0
46,10624,1.0
46,10640,1.0
46,10654,1.0
46,10663,1.0
46,10668,1.0
46,10707,1.0
46,10741,1.0
46,10757,1.0
46,10763,1.0
46,10765,1.0
46,10776,1.0
46,10799,1.0
46,10832,1.0
46,10847,1.0
46,10853,1.0
46,10867,1.0
46,10923,1.0
46,10927,1.0
46,10953,1.0
46,10954,1.0
46,11025,1.0
46,11044,1.0
46,11067,1.0
46,11079,1.0
46,11082,1.0
46,11091,1.0
46,11098,1.0
46,11102,1.0
46,11123,1.0
46,11137,1.0
46,11173,1.0
46,11185,1.0
46,11203,1.0
46,11308,1.0
46,11324,1.0
46,11351,1.0
46,11384,1.0
46,11391,1.0
46,11430,1.0
46,11465,1.0
46,11505,1.0
46,11523,1.0
46,11544,1.0
46,11581,1.0
46,11594,1.0
46,11613,1.0
46,11643,1.0
46,11647,1.0
