240,8929,0.5
2232,6866,0.6666666666666667
4140,11596,0.6666666666666667
5033,10809,0.6666666666666667
6445,11014,0.6666666666666667
7571,9541,0.6666666666666667
454,1139,0.75
1807,7428,0.75
1952,3636,0.75
2007,7774,0.75
3032,3835,0.75
4167,10845,0.75
293,3835,0.7777777777777778
1180,3625,0.8
1180,4997,0.8
3687,8573,0.8
6115,6684,0.8
6528,10377,0.8
3948,10655,0.8333333333333334
5470,11285,0.8571428571428572
9923,10033,0.8571428571428572
454,9658,0.875
745,4039,0.875
3111,11338,0.875
5017,9343,0.875
842,1353,0.8888888888888888
3400,8240,0.8888888888888888
4288,10442,0.9
293,3484,0.9090909090909091
5180,11321,0.9090909090909091
5668,9658,0.9090909090909091
1873,1952,0.9166666666666666
1873,3698,0.9166666666666666
5538,6233,0.9166666666666666
1873,5476,0.9230769230769231
3923,6444,0.9285714285714286
10813,11526,0.9583333333333334
10011,10457,0.9615384615384616
21,31,1.0
21,56,1.0
21,93,1.0
21,108,1.0
21,121,1.0
21,133,1.0
21,148,1.0
21,197,1.0
21,204,1.0
21,234,1.0
21,240,1.0
21,263,1.0
21,293,1.0
21,454,1.0
21,463,1.0
21,470,1.0
21,500,1.0
21,504,1.0
21,567,1.0
21,577,1.0
21,595,1.0
21,631,1.0
21,642,1.0
21,715,1.0
21,717,1.0
21,721,1.0
21,738,1.0
21,745,1.0
21,806,1.0
21,825,1.0
21,832,1.0
21,842,1.0
21,843,1.0
21,919,1.0
21,945,1.0
21,962,1.0
21,974,1.0
21,976,1.0
21,1004,1.0
21,1050,1.0
21,1063,1.0
21,1105,1.0
21,1116,1.0
21,1121,1.0
21,1180,1.0
21,1210,1.0
21,1220,1.0
21,1223,1.0
21,1265,1.0
21,1289,1.0
21,1301,1.0
21,1304,1.0
21,1308,1.0
21,1312,1.0
21,1325,1.0
21,1341,1.0
21,1372,1.0
21,1379,1.0
21,1407,1.0
21,1415,1.0
21,1433,1.0
21,1494,1.0
21,1508,1.0
21,1516,1.0
21,1548,1.0
21,1565,1.0
21,1575,1.0
21,1578,1.0
21,1580,1.0
21,1586,1.0
21,1588,1.0
21,1651,1.0
21,1668,1.0
21,1676,1.0
21,1695,1.0
21,1706,1.0
21,1755,1.0
21,1791,1.0
21,1807,1.0
21,1873,1.0
21,1875,1.0
21,1887,1.0
21,1893,1.0
21,1903,1.0
21,1907,1.0
21,1912,1.0
21,1978,1.0
21,2007,1.0
21,2014,1.0
21,2019,1.0
21,2025,1.0
21,2034,1.0
21,2068,1.0
21,2087,1.0
21,2090,1.0
21,2095,1.0
21,2131,1.0
21,2142,1.0
21,2157,1.0
21,2182,1.0
21,2190,1.0
21,2212,1.0
21,2231,1.0
21,2232,1.0
21,2255,1.0
21,2261,1.0
21,2282,1.0
21,2367,1.0
21,2390,1.0
21,2394,1.0
21,2411,1.0
21,2440,1.0
21,2441,1.0
21,2455,1.0
21,2505,1.0
21,2512,1.0
21,2552,1.0
21,2602,1.0
21,2610,1.0
21,2615,1.0
21,2628,1.0
21,2637,1.0
21,2670,1.0
21,2710,1.0
21,2733,1.0
21,2745,1.0
21,2789,1.0
21,2836,1.0
21,2852,1.0
21,2886,1.0
21,2973,1.0
21,2987,1.0
21,2993,1.0
21,3022,1.0
21,3058,1.0
21,3101,1.0
21,3102,1.0
21,3111,1.0
21,3122,1.0
21,3158,1.0
21,3168,1.0
21,3179,1.0
21,3183,1.0
21,3188,1.0
21,3194,1.0
21,3285,1.0
21,3310,1.0
21,3338,1.0
21,3355,1.0
21,3357,1.0
21,3400,1.0
21,3420,1.0
21,3421,1.0
21,3426,1.0
21,3486,1.0
21,3502,1.0
21,3519,1.0
21,3533,1.0
21,3577,1.0
21,3599,1.0
21,3643,1.0
21,3662,1.0
21,3687,1.0
21,3701,1.0
21,3712,1.0
21,3729,1.0
21,3785,1.0
21,3813,1.0
21,3826,1.0
21,3830,1.0
21,3843,1.0
21,3870,1.0
21,3884,1.0
21,3888,1.0
21,3891,1.0
21,3907,1.0
21,3912,1.0
21,3923,1.0
21,3942,1.0
21,3948,1.0
21,3959,1.0
21,3982,1.0
21,3984,1.0
21,3992,1.0
21,4005,1.0
21,4006,1.0
21,4042,1.0
21,4044,1.0
21,4053,1.0
21,4066,1.0
21,4085,1.0
21,4104,1.0
21,4140,1.0
21,4167,1.0
21,4203,1.0
21,4205,1.0
21,4288,1.0
21,4296,1.0
21,4338,1.0
21,4357,1.0
21,4384,1.0
21,4430,1.0
21,4448,1.0
21,4457,1.0
21,4476,1.0
21,4478,1.0
21,4481,1.0
21,4493,1.0
21,4538,1.0
21,4553,1.0
21,4576,1.0
21,4592,1.0
21,4594,1.0
21,4649,1.0
21,4665,1.0
21,4675,1.0
21,4678,1.0
21,4694,1.0
21,4696,1.0
21,4698,1.0
21,4708,1.0
21,4712,1.0
21,4746,1.0
21,4751,1.0
21,4754,1.0
21,4780,1.0
21,4821,1.0
21,4861,1.0
21,4877,1.0
21,4903,1.0
21,4929,1.0
21,4933,1.0
21,4938,1.0
21,4951,1.0
21,4995,1.0
21,5017,1.0
21,5027,1.0
21,5033,1.0
21,5047,1.0
21,5063,1.0
21,5072,1.0
21,5085,1.0
21,5105,1.0
21,5135,1.0
21,5180,1.0
21,5302,1.0
21,5393,1.0
21,5397,1.0
21,5401,1.0
21,5446,1.0
21,5470,1.0
21,5503,1.0
21,5504,1.0
21,5538,1.0
21,5580,1.0
21,5595,1.0
21,5643,1.0
21,5646,1.0
21,5660,1.0
21,5686,1.0
21,5691,1.0
21,5731,1.0
21,5764,1.0
21,5772,1.0
21,5778,1.0
21,5799,1.0
21,5822,1.0
21,5966,1.0
21,5979,1.0
21,6010,1.0
21,6019,1.0
21,6048,1.0
21,6049,1.0
21,6069,1.0
21,6072,1.0
21,6102,1.0
21,6115,1.0
21,6127,1.0
21,6151,1.0
21,6169,1.0
21,6179,1.0
21,6219,1.0
21,6258,1.0
21,6297,1.0
21,6333,1.0
21,6344,1.0
21,6371,1.0
21,6375,1.0
21,6376,1.0
21,6385,1.0
21,6389,1.0
21,6399,1.0
21,6420,1.0
21,6440,1.0
21,6445,1.0
21,6446,1.0
21,6453,1.0
21,6457,1.0
21,6460,1.0
21,6479,1.0
21,6523,1.0
21,6528,1.0
21,6531,1.0
21,6552,1.0
21,6578,1.0
21,6582,1.0
21,6596,1.0
21,6604,1.0
21,6620,1.0
21,6652,1.0
21,6662,1.0
21,6667,1.0
21,6702,1.0
21,6726,1.0
21,6749,1.0
21,6752,1.0
21,6800,1.0
21,6823,1.0
21,6828,1.0
21,6831,1.0
21,6856,1.0
21,6871,1.0
21,6880,1.0
21,6894,1.0
21,6904,1.0
21,6921,1.0
21,6938,1.0
21,7047,1.0
21,7050,1.0
21,7062,1.0
21,7083,1.0
21,7087,1.0
21,7121,1.0
21,7181,1.0
21,7185,1.0
21,7206,1.0
21,7244,1.0
21,7284,1.0
21,7292,1.0
21,7378,1.0
21,7379,1.0
21,7398,1.0
21,7418,1.0
21,7449,1.0
21,7452,1.0
21,7510,1.0
21,7527,1.0
21,7535,1.0
21,7541,1.0
21,7545,1.0
21,7551,1.0
21,7558,1.0
21,7568,1.0
21,7571,1.0
21,7576,1.0
21,7586,1.0
21,7588,1.0
21,7616,1.0
21,7626,1.0
21,7630,1.0
21,7643,1.0
21,7680,1.0
21,7685,1.0
21,7706,1.0
21,7737,1.0
21,7741,1.0
21,7828,1.0
21,7838,1.0
21,7844,1.0
21,7870,1.0
21,7889,1.0
21,7920,1.0
21,7930,1.0
21,7935,1.0
21,7936,1.0
21,7943,1.0
21,7946,1.0
21,7971,1.0
21,8004,1.0
21,8021,1.0
21,8028,1.0
21,8031,1.0
21,8060,1.0
21,8068,1.0
21,8136,1.0
21,8141,1.0
21,8148,1.0
21,8150,1.0
21,8169,1.0
21,8177,1.0
21,8180,1.0
21,8186,1.0
21,8198,1.0
21,8224,1.0
21,8226,1.0
21,8257,1.0
21,8272,1.0
21,8281,1.0
21,8283,1.0
21,8296,1.0
21,8307,1.0
21,8380,1.0
21,8408,1.0
21,8477,1.0
21,8498,1.0
21,8514,1.0
21,8518,1.0
21,8541,1.0
21,8613,1.0
21,8614,1.0
21,8697,1.0
21,8699,1.0
21,8706,1.0
21,8720,1.0
21,8735,1.0
21,8740,1.0
21,8819,1.0
21,8879,1.0
21,8892,1.0
21,8900,1.0
21,8944,1.0
21,8986,1.0
21,8996,1.0
21,9040,1.0
21,9044,1.0
21,9053,1.0
21,9054,1.0
21,9063,1.0
21,9073,1.0
21,9128,1.0
21,9131,1.0
21,9152,1.0
21,9176,1.0
21,9181,1.0
21,9206,1.0
21,9230,1.0
21,9302,1.0
21,9304,1.0
21,9318,1.0
21,9336,1.0
21,9370,1.0
21,9427,1.0
21,9444,1.0
21,9472,1.0
21,9489,1.0
21,9491,1.0
21,9498,1.0
21,9529,1.0
21,9539,1.0
21,9553,1.0
21,9576,1.0
21,9597,1.0
21,9609,1.0
21,9695,1.0
21,9706,1.0
21,9707,1.0
21,9736,1.0
21,9742,1.0
21,9763,1.0
21,9774,1.0
21,9779,1.0
21,9808,1.0
21,9827,1.0
21,9833,1.0
21,9871,1.0
21,9878,1.0
21,9903,1.0
21,9923,1.0
21,9937,1.0
21,9957,1.0
21,9979,1.0
21,9982,1.0
21,9986,1.0
21,10011,1.0
21,10015,1.0
21,10017,1.0
21,10028,1.0
21,10042,1.0
21,10070,1.0
21,10071,1.0
21,10073,1.0
21,10098,1.0
21,10101,1.0
21,10169,1.0
21,10190,1.0
21,10274,1.0
21,10294,1.0
21,10320,1.0
21,10371,1.0
21,10394,1.0
21,10404,1.0
21,10449,1.0
21,10522,1.0
21,10525,1.0
21,10554,1.0
21,10583,1.0
21,10595,1.0
21,10626,1.0
21,10641,1.0
21,10648,1.0
21,10683,1.0
21,10703,1.0
21,10704,1.0
21,10740,1.0
21,10749,1.0
21,10766,1.0
21,10778,1.0
21,10803,1.0
21,10813,1.0
21,10819,1.0
21,10831,1.0
21,10866,1.0
21,10916,1.0
21,10957,1.0
21,10973,1.0
21,11048,1.0
21,11090,1.0
21,11100,1.0
21,11115,1.0
21,11119,1.0
21,11127,1.0
21,11132,1.0
21,11147,1.0
21,11179,1.0
21,11195,1.0
21,11211,1.0
21,11224,1.0
21,11237,1.0
21,11239,1.0
21,11268,1.0
21,11280,1.0
21,11303,1.0
21,11304,1.0
21,11317,1.0
21,11332,1.0
21,11381,1.0
21,11415,1.0
21,11436,1.0
21,11492,1.0
21,11540,1.0
21,11546,1.0
21,11549,1.0
21,11567,1.0
21,11571,1.0
21,11575,1.0
21,11600,1.0
21,11604,1.0
21,11619,1.0
21,11625,1.0
21,11635,1.0
