2879,3716,0.0
635,3129,0.25
50,1765,0.4444444444444444
1729,1765,0.4444444444444444
1765,3286,0.4444444444444444
50,3613,0.5
249,597,0.5
389,3129,0.5
492,1447,0.5
763,788,0.5454545454545454
3613,3842,0.5454545454545454
39,1494,0.5555555555555556
249,2871,0.5555555555555556
1349,3760,0.5714285714285714
3396,3742,0.5714285714285714
0,3221,0.5833333333333333
763,2880,0.5833333333333333
1677,2632,0.5833333333333333
2866,3447,0.5833333333333333
249,3883,0.6
383,3777,0.6
492,1765,0.6
688,2871,0.6
925,2179,0.6
1131,1944,0.6
2477,2603,0.6111111111111112
790,2532,0.6153846153846154
790,2669,0.6153846153846154
839,1524,0.6153846153846154
1173,1765,0.6153846153846154
2158,3861,0.6153846153846154
2524,3176,0.6153846153846154
2555,3286,0.6153846153846154
50,3404,0.625
155,2801,0.625
597,1494,0.625
930,2801,0.625
969,1243,0.625
1046,2197,0.625
1131,1494,0.625
1494,2946,0.625
2594,3777,0.625
2780,3129,0.625
3397,3613,0.625
3616,3897,0.625
1066,3613,0.6363636363636364
1765,2435,0.6363636363636364
31,2538,0.6428571428571428
50,1760,0.6428571428571428
50,3964,0.6428571428571428
85,1765,0.6428571428571428
822,2891,0.6428571428571428
1944,2348,0.6428571428571428
2313,3286,0.6428571428571428
2946,3698,0.6428571428571428
85,2289,0.6470588235294117
684,1883,0.6470588235294117
898,1201,0.6470588235294117
927,2437,0.6470588235294117
2427,2435,0.6470588235294117
261,2510,0.65
35,50,0.6666666666666667
35,374,0.6666666666666667
35,1271,0.6666666666666667
35,2021,0.6666666666666667
50,230,0.6666666666666667
50,1494,0.6666666666666667
91,3286,0.6666666666666667
159,1729,0.6666666666666667
230,394,0.6666666666666667
230,2966,0.6666666666666667
311,2094,0.6666666666666667
394,2373,0.6666666666666667
394,2891,0.6666666666666667
425,2261,0.6666666666666667
492,1893,0.6666666666666667
624,1297,0.6666666666666667
634,2524,0.6666666666666667
634,3396,0.6666666666666667
684,1621,0.6666666666666667
734,3129,0.6666666666666667
789,982,0.6666666666666667
789,3583,0.6666666666666667
802,3312,0.6666666666666667
822,2179,0.6666666666666667
928,1524,0.6666666666666667
928,2372,0.6666666666666667
930,1328,0.6666666666666667
931,2532,0.6666666666666667
943,2289,0.6666666666666667
1201,2992,0.6666666666666667
1225,1951,0.6666666666666667
1317,3032,0.6666666666666667
1349,3019,0.6666666666666667
1390,3252,0.6666666666666667
1424,2755,0.6666666666666667
1447,2221,0.6666666666666667
1467,2780,0.6666666666666667
1475,3286,0.6666666666666667
1677,2221,0.6666666666666667
1757,2373,0.6666666666666667
1854,2645,0.6666666666666667
1951,2880,0.6666666666666667
2021,3513,0.6666666666666667
2220,2289,0.6666666666666667
2220,3856,0.6666666666666667
2226,2555,0.6666666666666667
2435,2826,0.6666666666666667
2488,3044,0.6666666666666667
2559,3616,0.6666666666666667
2801,3583,0.6666666666666667
2826,3616,0.6666666666666667
2858,3039,0.6666666666666667
2891,3299,0.6666666666666667
2962,3447,0.6666666666666667
2992,3176,0.6666666666666667
3040,3562,0.6666666666666667
3073,3176,0.6666666666666667
3134,3760,0.6666666666666667
3264,3698,0.6666666666666667
3287,3584,0.6666666666666667
3613,3918,0.6666666666666667
1388,2879,0.6799999999999999
1865,2158,0.6799999999999999
2179,2779,0.6799999999999999
427,3931,0.6842105263157895
2021,3230,0.6842105263157895
2809,3095,0.6842105263157895
3095,3271,0.6842105263157895
415,1993,0.6875
421,1524,0.6875
773,1757,0.6875
914,2966,0.6875
1524,2477,0.6875
2289,2645,0.6875
2373,3257,0.6875
624,3650,0.6896551724137931
717,1705,0.6896551724137931
717,3385,0.6896551724137931
1388,2158,0.6896551724137931
1491,3777,0.6896551724137931
1705,3795,0.6896551724137931
15,2880,0.6923076923076923
30,50,0.6923076923076923
280,1317,0.6923076923076923
389,753,0.6923076923076923
634,1524,0.6923076923076923
666,2220,0.6923076923076923
789,3044,0.6923076923076923
790,1115,0.6923076923076923
928,931,0.6923076923076923
955,1225,0.6923076923076923
1034,2734,0.6923076923076923
1913,2858,0.6923076923076923
2158,3329,0.6923076923076923
2488,2817,0.6923076923076923
474,3677,0.6956521739130435
653,1612,0.6956521739130435
1993,3650,0.6956521739130435
35,2892,0.7
168,1297,0.7
168,1602,0.7
193,2998,0.7
396,790,0.7
480,2457,0.7
620,2266,0.7
634,941,0.7
658,1799,0.7
713,1765,0.7
757,1079,0.7
788,1187,0.7
789,3924,0.7
941,3042,0.7
1079,1383,0.7
1131,1638,0.7
1131,3909,0.7
1391,1467,0.7
1424,3883,0.7
1621,2337,0.7
1763,2398,0.7
2686,2690,0.7
3208,3954,0.7
210,3861,0.7037037037037037
15,1457,0.7058823529411764
18,2230,0.7058823529411764
18,2600,0.7058823529411764
914,3044,0.7058823529411764
943,2734,0.7058823529411764
1317,2594,0.7058823529411764
2094,2289,0.7058823529411764
2600,3952,0.7058823529411764
2858,2879,0.7058823529411764
26,1893,0.7083333333333333
31,3606,0.7142857142857143
50,3032,0.7142857142857143
106,3312,0.7142857142857143
135,1046,0.7142857142857143
383,3795,0.7142857142857143
463,3327,0.7142857142857143
480,3397,0.7142857142857143
492,3770,0.7142857142857143
572,1621,0.7142857142857143
575,3583,0.7142857142857143
635,1828,0.7142857142857143
635,3429,0.7142857142857143
743,2285,0.7142857142857143
788,2289,0.7142857142857143
861,902,0.7142857142857143
917,2879,0.7142857142857143
931,1959,0.7142857142857143
1066,3931,0.7142857142857143
1293,1913,0.7142857142857143
1295,1670,0.7142857142857143
1729,2437,0.7142857142857143
1799,3597,0.7142857142857143
1913,2179,0.7142857142857143
1913,2600,0.7142857142857143
2221,3677,0.7142857142857143
2258,3329,0.7142857142857143
2435,3689,0.7142857142857143
2962,3149,0.7142857142857143
3129,3513,0.7142857142857143
3327,3869,0.7142857142857143
624,2258,0.71875
898,2158,0.72
18,2139,0.7222222222222222
50,3816,0.7222222222222222
192,3245,0.7222222222222222
261,3176,0.7222222222222222
317,2603,0.7222222222222222
421,454,0.7222222222222222
425,2555,0.7222222222222222
468,3613,0.7222222222222222
498,1457,0.7222222222222222
822,2086,0.7222222222222222
1046,1161,0.7222222222222222
1519,2179,0.7222222222222222
1527,3442,0.7222222222222222
1883,2179,0.7222222222222222
2258,3252,0.7241379310344828
50,3963,0.7272727272727273
192,2728,0.7272727272727273
216,3541,0.7272727272727273
279,2261,0.7272727272727273
280,2962,0.7272727272727273
337,620,0.7272727272727273
569,2435,0.7272727272727273
718,3777,0.7272727272727273
788,2040,0.7272727272727273
802,2488,0.7272727272727273
804,3286,0.7272727272727273
839,3954,0.7272727272727273
897,1438,0.7272727272727273
931,3947,0.7272727272727273
937,2524,0.7272727272727273
1046,1638,0.7272727272727273
1149,3327,0.7272727272727273
1201,3597,0.7272727272727273
1438,2946,0.7272727272727273
1489,2880,0.7272727272727273
1517,1763,0.7272727272727273
1626,1763,0.7272727272727273
1715,1865,0.7272727272727273
2021,2252,0.7272727272727273
2021,3633,0.7272727272727273
2229,2818,0.7272727272727273
2766,2871,0.7272727272727273
2865,3129,0.7272727272727273
3271,3404,0.7272727272727273
3482,3795,0.7297297297297297
598,2594,0.7307692307692308
717,2538,0.7307692307692308
2686,3329,0.7307692307692308
3329,3847,0.7307692307692308
331,902,0.7333333333333334
474,2626,0.7333333333333334
535,2261,0.7333333333333334
666,1418,0.7333333333333334
685,2337,0.7333333333333334
928,2013,0.7333333333333334
1007,1024,0.7333333333333334
1266,1467,0.7333333333333334
1317,2519,0.7333333333333334
1349,2818,0.7333333333333334
1424,3892,0.7333333333333334
1467,2787,0.7333333333333334
1543,1951,0.7333333333333334
1695,3507,0.7333333333333334
2384,3065,0.7333333333333334
2532,3869,0.7333333333333334
2724,3286,0.7333333333333334
1873,3777,0.7352941176470589
10,1186,0.736842105263158
53,1763,0.736842105263158
950,2384,0.736842105263158
950,2669,0.736842105263158
1562,2966,0.736842105263158
1763,3770,0.736842105263158
2226,2422,0.736842105263158
2226,3852,0.736842105263158
2594,3245,0.736842105263158
2603,3024,0.736842105263158
2646,3245,0.736842105263158
2818,3362,0.736842105263158
2857,3308,0.736842105263158
210,871,0.7391304347826086
257,2538,0.7391304347826086
468,2345,0.7391304347826086
1190,3506,0.7391304347826086
1532,3362,0.7391304347826086
1611,2025,0.7391304347826086
2211,2600,0.7391304347826086
645,1388,0.7407407407407407
2211,3075,0.7407407407407407
1504,1621,0.7419354838709677
2158,2605,0.7419354838709677
0,2252,0.75
31,785,0.75
35,2399,0.75
50,692,0.75
50,3600,0.75
91,167,0.75
193,2477,0.75
216,645,0.75
230,3036,0.75
277,839,0.75
279,672,0.75
317,3559,0.75
383,2902,0.75
389,2229,0.75
425,2604,0.75
427,1186,0.75
471,2632,0.75
479,1677,0.75
597,2782,0.75
839,2630,0.75
898,2653,0.75
902,969,0.75
902,3954,0.75
969,1581,0.75
1060,2258,0.75
1072,1757,0.75
1077,2626,0.75
1130,2780,0.75
1161,3139,0.75
1232,3198,0.75
1232,3869,0.75
1321,2555,0.75
1365,3628,0.75
1399,3396,0.75
1461,2021,0.75
1467,3537,0.75
1532,1886,0.75
1532,1896,0.75
1676,1913,0.75
1744,3600,0.75
1893,3011,0.75
2053,2603,0.75
2250,3883,0.75
2292,2372,0.75
2340,3432,0.75
2355,3229,0.75
2515,3245,0.75
2594,3000,0.75
2834,3329,0.75
2946,3786,0.75
3024,3287,0.75
3312,3815,0.75
3420,3954,0.75
383,3369,0.7586206896551724
1297,2093,0.7586206896551724
2158,3278,0.7586206896551724
939,2594,0.76
1190,2347,0.76
1865,3756,0.76
2037,2158,0.76
2285,2626,0.76
2470,3245,0.76
2703,3327,0.76
192,1881,0.7619047619047619
337,1763,0.7619047619047619
337,3506,0.7619047619047619
429,822,0.7619047619047619
687,2586,0.7619047619047619
1024,3385,0.7619047619047619
1232,3565,0.7619047619047619
1256,1854,0.7619047619047619
1529,3565,0.7619047619047619
1763,1963,0.7619047619047619
2347,3126,0.7619047619047619
2464,2594,0.7619047619047619
2555,2810,0.7619047619047619
3450,3795,0.7619047619047619
598,3281,0.7631578947368421
61,480,0.7647058823529411
280,3581,0.7647058823529411
463,1301,0.7647058823529411
704,982,0.7647058823529411
902,3507,0.7647058823529411
921,2160,0.7647058823529411
1085,3901,0.7647058823529411
1122,1317,0.7647058823529411
1149,1734,0.7647058823529411
1181,3897,0.7647058823529411
1256,1698,0.7647058823529411
1266,2596,0.7647058823529411
1670,3846,0.7647058823529411
2063,2288,0.7647058823529411
2475,2603,0.7647058823529411
2866,3308,0.7647058823529411
3073,3802,0.7647058823529411
3380,3901,0.7647058823529411
91,2155,0.7692307692307692
91,2759,0.7692307692307692
383,1476,0.7692307692307692
492,3628,0.7692307692307692
731,922,0.7692307692307692
755,1263,0.7692307692307692
931,1552,0.7692307692307692
994,1590,0.7692307692307692
994,2288,0.7692307692307692
1380,2897,0.7692307692307692
1390,3356,0.7692307692307692
1467,3531,0.7692307692307692
1873,2628,0.7692307692307692
2158,2586,0.7692307692307692
2158,3521,0.7692307692307692
2229,3403,0.7692307692307692
2288,2604,0.7692307692307692
2288,3474,0.7692307692307692
2495,3760,0.7692307692307692
2903,3385,0.7692307692307692
2937,3600,0.7692307692307692
2966,3391,0.7692307692307692
3312,3498,0.7692307692307692
3807,3897,0.7692307692307692
843,1768,0.7714285714285715
23,2787,0.7727272727272727
26,1340,0.7727272727272727
302,3137,0.7727272727272727
421,1605,0.7727272727272727
653,2515,0.7727272727272727
1220,1865,0.7727272727272727
2480,2818,0.7727272727272727
27,939,0.7741935483870968
258,3075,0.7741935483870968
10,3626,0.7777777777777778
34,2724,0.7777777777777778
79,1562,0.7777777777777778
172,3626,0.7777777777777778
317,2096,0.7777777777777778
447,3689,0.7777777777777778
531,937,0.7777777777777778
535,2928,0.7777777777777778
608,1944,0.7777777777777778
608,3836,0.7777777777777778
620,1817,0.7777777777777778
688,1645,0.7777777777777778
789,1300,0.7777777777777778
789,3727,0.7777777777777778
799,3861,0.7777777777777778
823,2211,0.7777777777777778
900,3795,0.7777777777777778
922,3698,0.7777777777777778
931,3846,0.7777777777777778
941,3186,0.7777777777777778
1034,3091,0.7777777777777778
1045,2801,0.7777777777777778
1046,1700,0.7777777777777778
1046,2208,0.7777777777777778
1099,2826,0.7777777777777778
1138,1757,0.7777777777777778
1269,1424,0.7777777777777778
1408,1828,0.7777777777777778
1562,2938,0.7777777777777778
1602,3771,0.7777777777777778
1670,3180,0.7777777777777778
1677,3084,0.7777777777777778
1817,2329,0.7777777777777778
1940,3795,0.7777777777777778
2321,3531,0.7777777777777778
3149,3276,0.7777777777777778
3159,3497,0.7777777777777778
3186,3229,0.7777777777777778
383,3183,0.78125
1602,2131,0.78125
372,871,0.782608695652174
1161,3137,0.782608695652174
1571,2093,0.782608695652174
0,3829,0.7857142857142857
31,2160,0.7857142857142857
32,2435,0.7857142857142857
140,2261,0.7857142857142857
393,2594,0.7857142857142857
755,3842,0.7857142857142857
790,2143,0.7857142857142857
845,3134,0.7857142857142857
1201,1527,0.7857142857142857
1913,2905,0.7857142857142857
2160,2814,0.7857142857142857
2327,2690,0.7857142857142857
2426,3312,0.7857142857142857
2633,3287,0.7857142857142857
2694,3836,0.7857142857142857
2818,3115,0.7857142857142857
2928,3497,0.7857142857142857
26,2245,0.7878787878787878
861,3773,0.7878787878787878
0,2203,0.7894736842105263
84,1173,0.7894736842105263
85,2434,0.7894736842105263
871,3526,0.7894736842105263
932,3897,0.7894736842105263
1581,3646,0.7894736842105263
1635,2724,0.7894736842105263
1790,2676,0.7894736842105263
1875,2427,0.7894736842105263
2353,3263,0.7894736842105263
2676,3842,0.7894736842105263
1161,3247,0.7916666666666666
1342,3650,0.7916666666666666
1883,2353,0.7916666666666666
3846,3973,0.7916666666666666
432,3861,0.7931034482758621
95,822,0.8
106,1021,0.8
131,1046,0.8
149,2435,0.8
237,3677,0.8
249,2564,0.8
279,632,0.8
279,2318,0.8
492,1335,0.8
610,2013,0.8
635,3562,0.8
684,1648,0.8
788,1788,0.8
789,2449,0.8
790,1118,0.8
843,1513,0.8
845,2897,0.8
859,2603,0.8
941,2340,0.8
1024,1567,0.8
1140,1181,0.8
1187,2459,0.8
1255,3134,0.8
1259,1342,0.8
1259,1611,0.8
1358,2355,0.8
1384,3287,0.8
1467,1542,0.8
1817,2446,0.8
2010,3287,0.8
2123,2160,0.8
2220,3309,0.8
2340,3304,0.8
2446,2929,0.8
2633,3561,0.8
3771,3885,0.8
1397,3856,0.8076923076923077
1893,3567,0.8076923076923077
0,3481,0.8095238095238095
53,241,0.8095238095238095
837,2690,0.8095238095238095
902,1512,0.8095238095238095
946,1021,0.8095238095238095
1014,1854,0.8095238095238095
1301,2132,0.8095238095238095
27,2767,0.8125
447,3168,0.8125
612,1913,0.8125
998,2891,0.8125
1024,1603,0.8125
1085,3811,0.8125
1179,1513,0.8125
1891,2094,0.8125
2010,3548,0.8125
2021,2433,0.8125
2975,3385,0.8125
3019,3811,0.8125
1491,2991,0.8148148148148149
144,2897,0.8181818181818181
205,2426,0.8181818181818181
757,3263,0.8181818181818181
1001,1817,0.8181818181818181
1467,1771,0.8181818181818181
2370,3846,0.8181818181818181
2578,3115,0.8181818181818181
1149,1179,0.8214285714285714
2427,3439,0.8214285714285714
134,1280,0.8235294117647058
374,1568,0.8235294117647058
989,1715,0.8235294117647058
2661,3362,0.8235294117647058
2988,3221,0.8235294117647058
1612,3594,0.8275862068965517
31,918,0.8333333333333334
134,918,0.8333333333333334
224,3126,0.8333333333333334
249,3609,0.8333333333333334
277,3902,0.8333333333333334
279,419,0.8333333333333334
415,3374,0.8333333333333334
463,1497,0.8333333333333334
463,3820,0.8333333333333334
608,2127,0.8333333333333334
678,3562,0.8333333333333334
882,3396,0.8333333333333334
2046,2143,0.8333333333333334
2661,3933,0.8333333333333334
3271,3557,0.8333333333333334
3352,3609,0.8333333333333334
3450,3853,0.8333333333333334
106,617,0.8421052631578947
754,1626,0.8421052631578947
2902,3062,0.8421052631578947
44,50,0.8461538461538461
106,491,0.8461538461538461
480,2161,0.8461538461538461
734,1422,0.8461538461538461
1200,2858,0.8461538461538461
1384,1668,0.8461538461538461
1489,2051,0.8461538461538461
1494,1593,0.8461538461538461
1910,2645,0.8461538461538461
2102,3180,0.8461538461538461
2669,3443,0.8461538461538461
635,1511,0.8571428571428572
662,2532,0.8571428571428572
1656,2865,0.8571428571428572
1896,2934,0.8571428571428572
200,1700,0.8636363636363636
500,3019,0.8666666666666667
1822,3628,0.8666666666666667
49,1467,0.875
1452,3396,0.875
0,1721,0.8823529411764706
581,608,0.8888888888888888
1305,1408,0.8888888888888888
1424,3761,0.8888888888888888
2647,3040,0.8888888888888888
479,1713,0.9285714285714286
