3010,3639,0.30000000000000004
3639,3757,0.36363636363636365
327,2543,0.375
987,2543,0.375
1664,3630,0.38888888888888884
3189,3372,0.4
424,2277,0.41666666666666663
1738,1773,0.41666666666666663
327,991,0.4285714285714286
526,2546,0.4285714285714286
1025,1105,0.4285714285714286
3639,3851,0.4444444444444444
112,3377,0.4545454545454546
987,3492,0.4545454545454546
2277,3639,0.4545454545454546
2949,3441,0.4545454545454546
775,3751,0.46153846153846156
166,499,0.5
576,775,0.5
1448,1921,0.5
2124,2172,0.5
2543,3392,0.5
3195,3392,0.5
1395,3664,0.5294117647058824
3392,3630,0.5333333333333333
526,3010,0.5384615384615384
576,2701,0.5384615384615384
664,2927,0.5384615384615384
1105,3751,0.5384615384615384
245,991,0.5454545454545454
351,3441,0.5454545454545454
1897,3914,0.5454545454545454
327,3377,0.5555555555555556
987,2682,0.5555555555555556
1634,3377,0.5555555555555556
1897,3948,0.5555555555555556
1921,3289,0.5555555555555556
3324,3751,0.5555555555555556
128,2121,0.5625
1559,3904,0.5625
864,3668,0.5714285714285714
1025,1859,0.5714285714285714
1132,1410,0.5714285714285714
1619,1859,0.5714285714285714
1619,2927,0.5714285714285714
1738,2855,0.5714285714285714
2861,3392,0.5714285714285714
864,2243,0.5833333333333333
1132,2172,0.5833333333333333
1641,3392,0.5833333333333333
1859,2080,0.5833333333333333
2080,3307,0.5833333333333333
2243,2976,0.5833333333333333
2957,3751,0.5833333333333333
2976,3394,0.5833333333333333
3169,3757,0.5833333333333333
836,3179,0.5882352941176471
2343,3585,0.5882352941176471
96,1351,0.6
327,3120,0.6
825,2017,0.6
973,1921,0.6
1198,1834,0.6
2126,3328,0.6
3372,3763,0.6
1664,2750,0.6086956521739131
1738,3338,0.6111111111111112
2658,3195,0.6111111111111112
178,2172,0.6153846153846154
242,3234,0.6153846153846154
355,1897,0.6153846153846154
384,3505,0.6153846153846154
553,619,0.6153846153846154
599,973,0.6153846153846154
605,3317,0.6153846153846154
999,2124,0.6153846153846154
1736,1876,0.6153846153846154
2944,3314,0.6153846153846154
2949,3939,0.6153846153846154
111,1921,0.625
111,2923,0.625
201,2204,0.625
414,2942,0.625
441,2842,0.625
626,3948,0.625
638,1410,0.625
987,3851,0.625
1299,3372,0.625
1437,1664,0.625
111,3375,0.6363636363636364
112,3560,0.6363636363636364
327,1353,0.6363636363636364
431,3437,0.6363636363636364
820,1897,0.6363636363636364
854,1286,0.6363636363636364
864,3674,0.6363636363636364
892,3938,0.6363636363636364
1132,3948,0.6363636363636364
1289,3317,0.6363636363636364
1351,2124,0.6363636363636364
1351,3267,0.6363636363636364
1892,2172,0.6363636363636364
1892,3377,0.6363636363636364
1897,2577,0.6363636363636364
1897,3172,0.6363636363636364
2172,2976,0.6363636363636364
3037,3674,0.6363636363636364
3079,3674,0.6363636363636364
178,1929,0.6428571428571428
178,3823,0.6428571428571428
364,2124,0.6428571428571428
414,1809,0.6428571428571428
465,599,0.6428571428571428
642,3172,0.6428571428571428
864,3288,0.6428571428571428
957,1286,0.6428571428571428
1641,2103,0.6428571428571428
1884,2172,0.6428571428571428
2543,2942,0.6428571428571428
3223,3704,0.6428571428571428
355,3701,0.6470588235294117
920,1395,0.6470588235294117
1406,1992,0.6470588235294117
2248,3664,0.6470588235294117
2380,2567,0.6470588235294117
2765,2799,0.6470588235294117
3334,3630,0.6470588235294117
3514,3653,0.6470588235294117
526,3456,0.65
40,2017,0.6666666666666667
96,1921,0.6666666666666667
98,1892,0.6666666666666667
103,2380,0.6666666666666667
111,1209,0.6666666666666667
201,724,0.6666666666666667
211,1480,0.6666666666666667
211,3914,0.6666666666666667
291,406,0.6666666666666667
295,355,0.6666666666666667
295,1005,0.6666666666666667
333,3267,0.6666666666666667
355,3408,0.6666666666666667
406,992,0.6666666666666667
406,3823,0.6666666666666667
436,2923,0.6666666666666667
438,3212,0.6666666666666667
478,3200,0.6666666666666667
504,892,0.6666666666666667
520,1787,0.6666666666666667
526,1404,0.6666666666666667
580,3560,0.6666666666666667
586,1965,0.6666666666666667
586,3564,0.6666666666666667
588,1929,0.6666666666666667
663,3757,0.6666666666666667
705,1661,0.6666666666666667
726,3408,0.6666666666666667
747,2976,0.6666666666666667
820,3223,0.6666666666666667
825,892,0.6666666666666667
836,864,0.6666666666666667
836,1823,0.6666666666666667
849,2923,0.6666666666666667
854,1773,0.6666666666666667
854,2541,0.6666666666666667
854,2674,0.6666666666666667
854,2842,0.6666666666666667
864,1286,0.6666666666666667
1048,3288,0.6666666666666667
1105,3639,0.6666666666666667
1132,3349,0.6666666666666667
1147,3668,0.6666666666666667
1410,3753,0.6666666666666667
1579,2172,0.6666666666666667
1579,2989,0.6666666666666667
1692,3823,0.6666666666666667
1703,3272,0.6666666666666667
1759,3627,0.6666666666666667
1769,2253,0.6666666666666667
1941,2172,0.6666666666666667
2036,3377,0.6666666666666667
2112,3948,0.6666666666666667
2145,3037,0.6666666666666667
2172,3370,0.6666666666666667
2243,2407,0.6666666666666667
2364,3187,0.6666666666666667
2393,2541,0.6666666666666667
2842,3317,0.6666666666666667
2842,3346,0.6666666666666667
2849,2864,0.6666666666666667
2914,3900,0.6666666666666667
2930,3192,0.6666666666666667
2973,3936,0.6666666666666667
3017,3190,0.6666666666666667
3108,3825,0.6666666666666667
3161,3707,0.6666666666666667
3223,3653,0.6666666666666667
3223,3900,0.6666666666666667
3288,3724,0.6666666666666667
3372,3560,0.6666666666666667
3408,3664,0.6666666666666667
2914,3017,0.6818181818181819
40,475,0.6842105263157895
128,2930,0.6842105263157895
875,2735,0.6842105263157895
1168,1584,0.6842105263157895
2546,3687,0.6842105263157895
3,726,0.6875
98,2925,0.6875
103,3190,0.6875
196,2554,0.6875
291,348,0.6875
414,1981,0.6875
574,3707,0.6875
642,3161,0.6875
759,1522,0.6875
828,864,0.6875
842,1794,0.6875
842,3297,0.6875
892,3835,0.6875
1025,2333,0.6875
1450,3179,0.6875
1741,3823,0.6875
1751,3346,0.6875
1773,2545,0.6875
1992,2863,0.6875
2330,2455,0.6875
3190,3693,0.6875
3243,3505,0.6875
242,3640,0.6923076923076923
333,2126,0.6923076923076923
369,3189,0.6923076923076923
431,3399,0.6923076923076923
521,987,0.6923076923076923
864,988,0.6923076923076923
888,2571,0.6923076923076923
1462,3232,0.6923076923076923
1747,3640,0.6923076923076923
1751,3232,0.6923076923076923
1797,1899,0.6923076923076923
1992,3317,0.6923076923076923
2172,3241,0.6923076923076923
2243,3903,0.6923076923076923
2364,3037,0.6923076923076923
2842,3460,0.6923076923076923
2885,3223,0.6923076923076923
2976,2984,0.6923076923076923
2989,3791,0.6923076923076923
3408,3437,0.6923076923076923
438,2089,0.6956521739130435
975,1395,0.6956521739130435
2101,3940,0.6956521739130435
3370,3746,0.6956521739130435
29,1049,0.7
92,2914,0.7
128,3585,0.7
128,3940,0.7
327,619,0.7
327,2789,0.7
342,3189,0.7
409,3289,0.7
417,2528,0.7
512,3560,0.7
586,2172,0.7
604,3318,0.7
664,2773,0.7
820,3950,0.7
990,2981,0.7
1202,2543,0.7
1352,3664,0.7
1579,2478,0.7
1649,3751,0.7
1679,3172,0.7
1716,3189,0.7
1977,2721,0.7
1977,3120,0.7
2534,3668,0.7
2735,3949,0.7
3232,3357,0.7
3640,3945,0.7
438,3203,0.7037037037037037
3175,3212,0.7037037037037037
103,641,0.7058823529411764
128,1578,0.7058823529411764
177,1372,0.7058823529411764
196,2299,0.7058823529411764
295,842,0.7058823529411764
295,2973,0.7058823529411764
381,3120,0.7058823529411764
456,1094,0.7058823529411764
475,1462,0.7058823529411764
475,2297,0.7058823529411764
475,3108,0.7058823529411764
599,3366,0.7058823529411764
641,3441,0.7058823529411764
690,3172,0.7058823529411764
709,1372,0.7058823529411764
1036,3664,0.7058823529411764
1106,1887,0.7058823529411764
1136,3241,0.7058823529411764
1311,3536,0.7058823529411764
1370,2112,0.7058823529411764
1429,3267,0.7058823529411764
1505,1738,0.7058823529411764
1578,3190,0.7058823529411764
2036,3686,0.7058823529411764
2215,3408,0.7058823529411764
2614,2875,0.7058823529411764
3182,3243,0.7058823529411764
3835,3881,0.7058823529411764
1228,3681,0.7083333333333333
3,3325,0.7142857142857143
103,1984,0.7142857142857143
111,1198,0.7142857142857143
165,3288,0.7142857142857143
196,1887,0.7142857142857143
303,493,0.7142857142857143
303,2852,0.7142857142857143
303,3125,0.7142857142857143
364,3671,0.7142857142857143
384,1738,0.7142857142857143
392,2825,0.7142857142857143
499,616,0.7142857142857143
604,3881,0.7142857142857143
726,2430,0.7142857142857143
738,3831,0.7142857142857143
768,1773,0.7142857142857143
1026,1224,0.7142857142857143
1036,2571,0.7142857142857143
1142,3570,0.7142857142857143
1143,2914,0.7142857142857143
1168,2343,0.7142857142857143
1224,1285,0.7142857142857143
1307,3088,0.7142857142857143
1406,2557,0.7142857142857143
1409,3317,0.7142857142857143
1421,3243,0.7142857142857143
1453,3372,0.7142857142857143
1549,3900,0.7142857142857143
1559,2099,0.7142857142857143
1559,3172,0.7142857142857143
1751,2606,0.7142857142857143
1797,3554,0.7142857142857143
1851,3288,0.7142857142857143
1905,3408,0.7142857142857143
1942,3120,0.7142857142857143
2172,2612,0.7142857142857143
2185,3705,0.7142857142857143
2213,3942,0.7142857142857143
2238,2989,0.7142857142857143
2314,3223,0.7142857142857143
2478,2520,0.7142857142857143
2494,3232,0.7142857142857143
2554,3940,0.7142857142857143
2842,3604,0.7142857142857143
3370,3582,0.7142857142857143
3505,3806,0.7142857142857143
196,438,0.7222222222222222
376,1406,0.7222222222222222
441,1456,0.7222222222222222
441,2330,0.7222222222222222
456,641,0.7222222222222222
578,3010,0.7222222222222222
842,1311,0.7222222222222222
1132,3906,0.7222222222222222
1448,2740,0.7222222222222222
1630,2248,0.7222222222222222
1661,3707,0.7222222222222222
1970,3473,0.7222222222222222
2343,3593,0.7222222222222222
2445,2875,0.7222222222222222
2465,3906,0.7222222222222222
1,2172,0.7272727272727273
41,3948,0.7272727272727273
96,201,0.7272727272727273
136,3598,0.7272727272727273
146,854,0.7272727272727273
146,2982,0.7272727272727273
253,2598,0.7272727272727273
506,1453,0.7272727272727273
520,2867,0.7272727272727273
523,2530,0.7272727272727273
594,3938,0.7272727272727273
724,3659,0.7272727272727273
842,3895,0.7272727272727273
854,3330,0.7272727272727273
920,2777,0.7272727272727273
1124,2497,0.7272727272727273
1192,1876,0.7272727272727273
1228,3560,0.7272727272727273
1662,2973,0.7272727272727273
1724,1825,0.7272727272727273
2017,2890,0.7272727272727273
2187,2339,0.7272727272727273
2299,3592,0.7272727272727273
2339,2784,0.7272727272727273
2617,2923,0.7272727272727273
2796,3640,0.7272727272727273
2914,3088,0.7272727272727273
2923,3611,0.7272727272727273
2942,3566,0.7272727272727273
3163,3189,0.7272727272727273
3189,3718,0.7272727272727273
3367,3919,0.7272727272727273
3452,3582,0.7307692307692308
316,726,0.7333333333333334
456,541,0.7333333333333334
523,2689,0.7333333333333334
573,623,0.7333333333333334
594,1736,0.7333333333333334
599,3641,0.7333333333333334
605,1279,0.7333333333333334
738,792,0.7333333333333334
875,1716,0.7333333333333334
1068,3441,0.7333333333333334
1132,3018,0.7333333333333334
1193,2546,0.7333333333333334
1618,2634,0.7333333333333334
1798,3212,0.7333333333333334
1803,2981,0.7333333333333334
1899,3241,0.7333333333333334
1906,3108,0.7333333333333334
2549,3671,0.7333333333333334
2577,3519,0.7333333333333334
2704,3437,0.7333333333333334
3270,3881,0.7333333333333334
299,2914,0.736842105263158
345,1892,0.736842105263158
355,3598,0.736842105263158
524,2534,0.736842105263158
588,1478,0.736842105263158
623,2912,0.736842105263158
836,2386,0.736842105263158
854,2514,0.736842105263158
872,1505,0.736842105263158
1724,2238,0.736842105263158
1942,2496,0.736842105263158
2089,2166,0.736842105263158
2195,3190,0.736842105263158
2213,2927,0.736842105263158
2238,2445,0.736842105263158
2271,3370,0.736842105263158
2364,3402,0.736842105263158
2916,3757,0.736842105263158
3339,3408,0.736842105263158
2554,2762,0.7391304347826086
2772,2908,0.7391304347826086
1798,2109,0.7407407407407407
1120,1798,0.7419354838709677
2496,2699,0.7419354838709677
33,3297,0.75
52,2622,0.75
112,1586,0.75
146,1618,0.75
152,594,0.75
152,1690,0.75
177,3942,0.75
203,2238,0.75
211,2328,0.75
211,3367,0.75
253,376,0.75
291,2460,0.75
312,1787,0.75
333,1507,0.75
333,2572,0.75
348,448,0.75
384,1013,0.75
388,2577,0.75
392,1124,0.75
417,599,0.75
431,2684,0.75
441,3819,0.75
478,3640,0.75
489,2756,0.75
489,3951,0.75
499,792,0.75
499,1453,0.75
520,3437,0.75
523,825,0.75
580,857,0.75
602,2756,0.75
604,2138,0.75
705,2702,0.75
752,1448,0.75
771,820,0.75
778,1307,0.75
851,1540,0.75
854,2627,0.75
856,1198,0.75
1100,3161,0.75
1147,3828,0.75
1194,1797,0.75
1210,2567,0.75
1285,1634,0.75
1299,1761,0.75
1303,3408,0.75
1398,3823,0.75
1419,2989,0.75
1437,3314,0.75
1523,2465,0.75
1540,2701,0.75
1649,1726,0.75
1688,2614,0.75
1752,2923,0.75
1794,2193,0.75
1876,3386,0.75
1921,3272,0.75
1921,3381,0.75
2011,3919,0.75
2241,3564,0.75
2314,2657,0.75
2343,3473,0.75
2609,3895,0.75
2610,3330,0.75
2622,2635,0.75
2680,2920,0.75
2680,2923,0.75
2727,3948,0.75
2746,3674,0.75
2819,3212,0.75
2837,2920,0.75
2923,3729,0.75
3018,3160,0.75
3088,3754,0.75
3307,3640,0.75
3317,3485,0.75
3390,3505,0.75
3607,3729,0.75
3319,3681,0.7586206896551724
778,1367,0.76
14,957,0.7619047619047619
71,381,0.7619047619047619
215,3791,0.7619047619047619
293,605,0.7619047619047619
438,623,0.7619047619047619
582,2496,0.7619047619047619
885,3724,0.7619047619047619
1043,1724,0.7619047619047619
1075,3212,0.7619047619047619
1090,2908,0.7619047619047619
1433,2314,0.7619047619047619
2000,2460,0.7619047619047619
2048,3212,0.7619047619047619
221,1619,0.7647058823529411
242,1364,0.7647058823529411
253,400,0.7647058823529411
269,3903,0.7647058823529411
348,1425,0.7647058823529411
424,2791,0.7647058823529411
466,1429,0.7647058823529411
647,1299,0.7647058823529411
842,2825,0.7647058823529411
1132,1212,0.7647058823529411
1258,2126,0.7647058823529411
1462,3868,0.7647058823529411
1498,3296,0.7647058823529411
1498,3505,0.7647058823529411
1653,2109,0.7647058823529411
1941,2913,0.7647058823529411
2000,2784,0.7647058823529411
2307,3868,0.7647058823529411
2722,3630,0.7647058823529411
2912,3740,0.7647058823529411
1813,2598,0.7666666666666666
104,2680,0.7692307692307692
122,3564,0.7692307692307692
146,1465,0.7692307692307692
201,3045,0.7692307692307692
388,2447,0.7692307692307692
595,2684,0.7692307692307692
696,2976,0.7692307692307692
742,1859,0.7692307692307692
821,3144,0.7692307692307692
905,2138,0.7692307692307692
1036,2979,0.7692307692307692
1100,3866,0.7692307692307692
1142,1683,0.7692307692307692
1299,1439,0.7692307692307692
1450,3711,0.7692307692307692
1525,3392,0.7692307692307692
1619,2852,0.7692307692307692
1665,2981,0.7692307692307692
1703,2635,0.7692307692307692
1738,2907,0.7692307692307692
1941,3431,0.7692307692307692
1971,3330,0.7692307692307692
2497,3255,0.7692307692307692
2774,3560,0.7692307692307692
165,1902,0.7727272727272727
477,1094,0.7727272727272727
654,3212,0.7727272727272727
727,3592,0.7727272727272727
2772,3190,0.7727272727272727
83,3659,0.7777777777777778
166,2253,0.7777777777777778
206,2299,0.7777777777777778
211,2723,0.7777777777777778
211,3870,0.7777777777777778
395,2572,0.7777777777777778
451,1132,0.7777777777777778
489,2339,0.7777777777777778
523,1282,0.7777777777777778
573,2864,0.7777777777777778
599,1589,0.7777777777777778
602,3466,0.7777777777777778
654,3054,0.7777777777777778
664,3867,0.7777777777777778
771,1262,0.7777777777777778
800,2722,0.7777777777777778
885,1142,0.7777777777777778
1035,1198,0.7777777777777778
1551,3189,0.7777777777777778
1576,3823,0.7777777777777778
1696,1941,0.7777777777777778
2439,2485,0.7777777777777778
2762,3524,0.7777777777777778
2765,3505,0.7777777777777778
2842,3405,0.7777777777777778
3212,3913,0.7777777777777778
3672,3851,0.7777777777777778
1437,1591,0.782608695652174
1805,2520,0.782608695652174
138,2735,0.7857142857142857
182,388,0.7857142857142857
221,2981,0.7857142857142857
376,691,0.7857142857142857
384,3072,0.7857142857142857
550,904,0.7857142857142857
586,707,0.7857142857142857
606,3232,0.7857142857142857
825,3080,0.7857142857142857
865,3121,0.7857142857142857
973,2781,0.7857142857142857
1398,3726,0.7857142857142857
1716,1915,0.7857142857142857
1759,3906,0.7857142857142857
2091,3740,0.7857142857142857
2121,3899,0.7857142857142857
2923,3860,0.7857142857142857
2984,3685,0.7857142857142857
3146,3330,0.7857142857142857
3172,3470,0.7857142857142857
860,1462,0.7894736842105263
885,1463,0.7894736842105263
959,3707,0.7894736842105263
1487,2109,0.7894736842105263
1505,1974,0.7894736842105263
2256,3835,0.7894736842105263
2468,2773,0.7894736842105263
3179,3248,0.7894736842105263
292,1738,0.7916666666666666
399,2791,0.7916666666666666
1143,1490,0.7916666666666666
1325,2614,0.7931034482758621
1168,3568,0.7941176470588236
1,3705,0.8
52,116,0.8
87,177,0.8
94,990,0.8
116,1411,0.8
282,299,0.8
351,537,0.8
409,2254,0.8
414,2207,0.8
414,2841,0.8
459,3182,0.8
489,3150,0.8
508,801,0.8
588,3121,0.8
697,747,0.8
747,2290,0.8
800,935,0.8
904,2121,0.8
962,2722,0.8
1049,3944,0.8
1124,2485,0.8
1172,1992,0.8
1198,3119,0.8
1505,2848,0.8
1574,2187,0.8
1923,2215,0.8
1977,3495,0.8
2218,3169,0.8
2409,3325,0.8
2704,3099,0.8
2784,3144,0.8
3334,3544,0.8
641,1312,0.8095238095238095
874,3330,0.8095238095238095
1890,2537,0.8095238095238095
2238,2997,0.8095238095238095
1070,3203,0.8108108108108107
203,2537,0.8125
348,354,0.8125
384,3785,0.8125
478,2563,0.8125
661,707,0.8125
752,979,0.8125
801,1692,0.8125
850,1090,0.8125
1456,2469,0.8125
1522,2885,0.8125
1591,3059,0.8125
1941,2547,0.8125
1977,3655,0.8125
82,1453,0.8181818181818181
145,1876,0.8181818181818181
333,787,0.8181818181818181
390,504,0.8181818181818181
459,3848,0.8181818181818181
489,3136,0.8181818181818181
602,1056,0.8181818181818181
1589,1783,0.8181818181818181
1766,3232,0.8181818181818181
1876,3796,0.8181818181818181
2222,3664,0.8181818181818181
2248,3549,0.8181818181818181
3848,3893,0.8181818181818181
121,2981,0.8235294117647058
271,2494,0.8235294117647058
654,2800,0.8235294117647058
1193,2367,0.8235294117647058
1787,2066,0.8235294117647058
1902,2994,0.8235294117647058
690,1460,0.8260869565217391
3088,3516,0.8260869565217391
1591,3515,0.8275862068965517
29,683,0.8333333333333334
36,2496,0.8333333333333334
94,1956,0.8333333333333334
206,2436,0.8333333333333334
303,3211,0.8333333333333334
333,682,0.8333333333333334
338,526,0.8333333333333334
441,840,0.8333333333333334
606,3741,0.8333333333333334
652,1971,0.8333333333333334
683,935,0.8333333333333334
817,935,0.8333333333333334
1056,2269,0.8333333333333334
1354,3080,0.8333333333333334
1564,3270,0.8333333333333334
1784,3192,0.8333333333333334
1949,3441,0.8333333333333334
2491,2762,0.8333333333333334
3296,3480,0.8333333333333334
1172,1606,0.84
752,2683,0.8421052631578947
1782,2407,0.8421052631578947
1908,3949,0.8421052631578947
284,820,0.8461538461538461
284,2070,0.8461538461538461
410,2571,0.8461538461538461
1642,3325,0.8461538461538461
404,752,0.85
1261,3519,0.85
11,1915,0.8571428571428572
90,586,0.8571428571428572
403,3301,0.8571428571428572
690,2081,0.8571428571428572
1302,1794,0.8571428571428572
153,3325,0.8666666666666667
221,340,0.8666666666666667
221,3379,0.8666666666666667
1772,2468,0.8666666666666667
1847,3514,0.8666666666666667
2867,3587,0.8666666666666667
935,3240,0.875
1049,3917,0.875
1198,1417,0.875
1198,2720,0.875
1644,3945,0.875
121,2129,0.8888888888888888
303,3135,0.8888888888888888
403,2393,0.8888888888888888
2339,3830,0.8888888888888888
3315,3318,0.8888888888888888
683,765,0.9
765,2429,0.9
1049,2020,0.9
1769,2726,0.9
2129,3261,0.9
1049,3323,0.9230769230769231
