469,3555,0.0
509,2941,0.0
1010,2570,0.0
1840,2408,0.0
2877,3064,0.0
2879,3716,0.0
2058,2175,0.11764705882352944
529,2147,0.19999999999999996
547,2117,0.2222222222222222
736,3637,0.2222222222222222
783,1995,0.23076923076923073
635,3129,0.25
1306,1922,0.25
1569,2539,0.25
2214,3789,0.25
2379,3191,0.25
119,1650,0.2727272727272727
16,987,0.2857142857142857
1223,3258,0.2857142857142857
1569,3273,0.2857142857142857
1701,3013,0.2857142857142857
319,1246,0.30000000000000004
435,1967,0.30000000000000004
3010,3639,0.30000000000000004
310,2424,0.33333333333333337
339,728,0.33333333333333337
449,3348,0.33333333333333337
1223,2128,0.33333333333333337
1322,3789,0.33333333333333337
2229,3326,0.33333333333333337
2462,3251,0.33333333333333337
3210,3851,0.33333333333333337
1246,2919,0.36363636363636365
2134,3789,0.36363636363636365
3639,3757,0.36363636363636365
327,834,0.375
327,2543,0.375
987,2543,0.375
1006,2031,0.375
1922,3789,0.375
1664,3630,0.38888888888888884
547,1042,0.4
547,1322,0.4
841,1322,0.4
1109,2303,0.4
1306,1472,0.4
1306,1835,0.4
1472,2080,0.4
1967,3266,0.4
2044,3197,0.4
2116,3107,0.4
2805,3849,0.4
3008,3678,0.4
3189,3372,0.4
3619,3850,0.4
424,2277,0.41666666666666663
1322,2977,0.41666666666666663
1349,3639,0.41666666666666663
1738,1773,0.41666666666666663
1945,3380,0.41666666666666663
2758,2927,0.41666666666666663
3757,3760,0.41666666666666663
125,2592,0.4285714285714286
189,3706,0.4285714285714286
327,991,0.4285714285714286
526,2546,0.4285714285714286
529,1468,0.4285714285714286
601,780,0.4285714285714286
775,2450,0.4285714285714286
1025,1105,0.4285714285714286
1031,2753,0.4285714285714286
1830,3706,0.4285714285714286
1922,2147,0.4285714285714286
2268,3400,0.4285714285714286
2374,3851,0.4285714285714286
1916,2710,0.4375
50,1765,0.4444444444444444
233,287,0.4444444444444444
587,1223,0.4444444444444444
1040,2032,0.4444444444444444
1160,1214,0.4444444444444444
1322,1937,0.4444444444444444
1729,1765,0.4444444444444444
1765,3286,0.4444444444444444
1922,2798,0.4444444444444444
1922,3008,0.4444444444444444
1922,3503,0.4444444444444444
2098,3706,0.4444444444444444
2147,3307,0.4444444444444444
2165,3962,0.4444444444444444
2444,3210,0.4444444444444444
3013,3101,0.4444444444444444
3013,3543,0.4444444444444444
3639,3851,0.4444444444444444
112,3377,0.4545454545454546
119,2052,0.4545454545454546
435,2805,0.4545454545454546
681,2935,0.4545454545454546
987,3492,0.4545454545454546
1544,1917,0.4545454545454546
2277,2444,0.4545454545454546
2949,3441,0.4545454545454546
526,2444,0.46153846153846156
748,3757,0.46153846153846156
775,3751,0.46153846153846156
841,1051,0.46153846153846156
3487,3618,0.46153846153846156
1566,3087,0.4666666666666667
2862,3322,0.4666666666666667
2387,3500,0.47058823529411764
16,2190,0.5
50,3613,0.5
156,2396,0.5
166,499,0.5
249,597,0.5
252,2076,0.5
327,1945,0.5
360,1467,0.5
389,3129,0.5
389,3688,0.5
397,3911,0.5
435,2174,0.5
461,3721,0.5
467,1306,0.5
469,2877,0.5
492,1447,0.5
538,1599,0.5
551,2300,0.5
571,3675,0.5
576,775,0.5
576,809,0.5
614,2263,0.5
621,2147,0.5
635,2315,0.5
670,3654,0.5
681,3013,0.5
748,1528,0.5
761,1701,0.5
848,2918,0.5
848,3596,0.5
995,2223,0.5
1012,2778,0.5
1025,2450,0.5
1033,1903,0.5
1065,3389,0.5
1089,3101,0.5
1182,1223,0.5
1202,3013,0.5
1223,2165,0.5
1247,1921,0.5
1291,2237,0.5
1306,2450,0.5
1314,2509,0.5
1448,1921,0.5
1468,1886,0.5
1619,2450,0.5
1682,2237,0.5
1751,3609,0.5
1828,2315,0.5
1835,2189,0.5
1859,1932,0.5
1922,2995,0.5
1924,3367,0.5
1937,2503,0.5
1982,3538,0.5
1982,3560,0.5
1997,3377,0.5
2124,2172,0.5
2147,2414,0.5
2300,3013,0.5
2482,2748,0.5
2503,3273,0.5
2543,3392,0.5
2965,3755,0.5
3097,3210,0.5
3195,3392,0.5
3210,3345,0.5
3258,3543,0.5
3738,3891,0.5
64,1207,0.5238095238095238
443,1205,0.5263157894736843
2847,3642,0.5263157894736843
669,1526,0.5294117647058824
1395,3664,0.5294117647058824
1559,3178,0.5294117647058824
72,2977,0.5333333333333333
467,1483,0.5333333333333333
526,2716,0.5333333333333333
615,3109,0.5333333333333333
1246,3051,0.5333333333333333
2450,2951,0.5333333333333333
2977,3403,0.5333333333333333
3392,3630,0.5333333333333333
72,439,0.5384615384615384
435,2977,0.5384615384615384
467,895,0.5384615384615384
483,2444,0.5384615384615384
576,2701,0.5384615384615384
664,2927,0.5384615384615384
1428,2700,0.5384615384615384
1859,2450,0.5384615384615384
1896,3751,0.5384615384615384
2450,2927,0.5384615384615384
2518,3601,0.5384615384615384
2576,3317,0.5384615384615384
2716,3543,0.5384615384615384
2812,3378,0.5384615384615384
2919,3569,0.5384615384615384
2199,3407,0.5416666666666667
13,3258,0.5454545454545454
16,3683,0.5454545454545454
245,991,0.5454545454545454
319,3702,0.5454545454545454
351,3441,0.5454545454545454
370,2918,0.5454545454545454
435,2935,0.5454545454545454
538,1053,0.5454545454545454
763,788,0.5454545454545454
784,3576,0.5454545454545454
841,1852,0.5454545454545454
848,3258,0.5454545454545454
1042,2778,0.5454545454545454
1228,2165,0.5454545454545454
1514,3169,0.5454545454545454
1835,2116,0.5454545454545454
1897,3914,0.5454545454545454
3013,3468,0.5454545454545454
3041,3755,0.5454545454545454
3060,3914,0.5454545454545454
3613,3842,0.5454545454545454
64,226,0.55
226,443,0.55
863,3794,0.55
0,1223,0.5555555555555556
16,2682,0.5555555555555556
39,1494,0.5555555555555556
249,2871,0.5555555555555556
301,1841,0.5555555555555556
327,3377,0.5555555555555556
710,3355,0.5555555555555556
818,869,0.5555555555555556
833,3414,0.5555555555555556
833,3517,0.5555555555555556
911,1622,0.5555555555555556
991,2771,0.5555555555555556
995,2719,0.5555555555555556
1065,1554,0.5555555555555556
1065,2300,0.5555555555555556
1111,2300,0.5555555555555556
1223,3469,0.5555555555555556
1230,3411,0.5555555555555556
1292,1852,0.5555555555555556
1394,3013,0.5555555555555556
1539,3060,0.5555555555555556
1569,2561,0.5555555555555556
1588,1785,0.5555555555555556
1634,3377,0.5555555555555556
1640,3258,0.5555555555555556
1862,3962,0.5555555555555556
1897,3948,0.5555555555555556
1921,3289,0.5555555555555556
2125,2223,0.5555555555555556
2147,3658,0.5555555555555556
2168,3720,0.5555555555555556
2173,3258,0.5555555555555556
2190,2410,0.5555555555555556
2209,3891,0.5555555555555556
2300,3172,0.5555555555555556
2300,3633,0.5555555555555556
2482,2972,0.5555555555555556
2577,3736,0.5555555555555556
2737,2753,0.5555555555555556
3324,3751,0.5555555555555556
893,2456,0.56
128,2121,0.5625
714,853,0.5625
1559,3904,0.5625
1657,1852,0.5625
1882,3578,0.5625
2872,3061,0.5625
1265,1685,0.5652173913043479
1265,2002,0.5666666666666667
35,1921,0.5714285714285714
414,467,0.5714285714285714
469,1977,0.5714285714285714
501,1988,0.5714285714285714
509,2079,0.5714285714285714
526,3755,0.5714285714285714
529,3974,0.5714285714285714
562,1292,0.5714285714285714
621,1882,0.5714285714285714
632,1260,0.5714285714285714
670,3938,0.5714285714285714
748,983,0.5714285714285714
864,3668,0.5714285714285714
981,3766,0.5714285714285714
984,3232,0.5714285714285714
1025,2268,0.5714285714285714
1117,3414,0.5714285714285714
1132,1410,0.5714285714285714
1185,2031,0.5714285714285714
1185,2915,0.5714285714285714
1223,3300,0.5714285714285714
1224,3197,0.5714285714285714
1234,2223,0.5714285714285714
1234,3969,0.5714285714285714
1292,3326,0.5714285714285714
1361,2116,0.5714285714285714
1394,2044,0.5714285714285714
1582,3911,0.5714285714285714
1738,2855,0.5714285714285714
1828,3254,0.5714285714285714
1858,2568,0.5714285714285714
1863,3675,0.5714285714285714
1966,3530,0.5714285714285714
1977,3971,0.5714285714285714
2026,2805,0.5714285714285714
2031,2521,0.5714285714285714
2190,3254,0.5714285714285714
2262,3169,0.5714285714285714
2861,3392,0.5714285714285714
2915,3427,0.5714285714285714
3396,3742,0.5714285714285714
2859,3478,0.5769230769230769
264,2977,0.5789473684210527
1308,3154,0.5789473684210527
1758,3285,0.5789473684210527
0,3221,0.5833333333333333
8,3181,0.5833333333333333
16,2716,0.5833333333333333
156,1306,0.5833333333333333
156,2100,0.5833333333333333
287,3019,0.5833333333333333
326,2419,0.5833333333333333
375,1732,0.5833333333333333
418,3008,0.5833333333333333
435,1774,0.5833333333333333
725,3133,0.5833333333333333
735,1488,0.5833333333333333
763,2880,0.5833333333333333
826,1065,0.5833333333333333
864,2243,0.5833333333333333
895,3115,0.5833333333333333
1132,2172,0.5833333333333333
1236,2326,0.5833333333333333
1314,1503,0.5833333333333333
1428,3258,0.5833333333333333
1503,3586,0.5833333333333333
1509,2737,0.5833333333333333
1515,2955,0.5833333333333333
1516,3794,0.5833333333333333
1641,3392,0.5833333333333333
1643,3469,0.5833333333333333
1677,2632,0.5833333333333333
2065,2993,0.5833333333333333
2147,2493,0.5833333333333333
2172,2795,0.5833333333333333
2243,2976,0.5833333333333333
2687,3258,0.5833333333333333
2866,3447,0.5833333333333333
2957,3751,0.5833333333333333
2976,3394,0.5833333333333333
3169,3757,0.5833333333333333
63,2827,0.5862068965517242
267,2996,0.5882352941176471
836,3179,0.5882352941176471
1064,1505,0.5882352941176471
1343,2919,0.5882352941176471
1719,2133,0.5882352941176471
2178,3102,0.5882352941176471
2343,3585,0.5882352941176471
2476,3841,0.5882352941176471
2401,3804,0.5909090909090908
50,1448,0.6
65,2419,0.6
73,2365,0.6
96,1351,0.6
139,580,0.6
151,3194,0.6
156,1565,0.6
195,1701,0.6
197,2174,0.6
249,3883,0.6
286,3948,0.6
310,1050,0.6
327,3120,0.6
327,3576,0.6
383,3777,0.6
389,1067,0.6
406,2300,0.6
428,1997,0.6
435,3577,0.6
452,1467,0.6
492,1765,0.6
519,987,0.6
529,615,0.6
536,2173,0.6
555,2960,0.6
564,1894,0.6
635,1982,0.6
670,984,0.6
673,3111,0.6
681,1777,0.6
688,2871,0.6
760,1821,0.6
779,3849,0.6
798,3759,0.6
824,2125,0.6
825,2017,0.6
891,1334,0.6
923,2133,0.6
925,2179,0.6
973,1921,0.6
984,2342,0.6
1006,1866,0.6
1042,3411,0.6
1131,1944,0.6
1159,2969,0.6
1182,2884,0.6
1185,1682,0.6
1185,3618,0.6
1198,1834,0.6
1218,2044,0.6
1223,3829,0.6
1275,2877,0.6
1285,1681,0.6
1296,2221,0.6
1381,3415,0.6
1396,3969,0.6
1403,2300,0.6
1413,1862,0.6
1414,2503,0.6
1427,2523,0.6
1483,2391,0.6
1495,2584,0.6
1530,1622,0.6
1640,2972,0.6
1647,1852,0.6
1681,2940,0.6
1866,3959,0.6
1916,3131,0.6
1921,3976,0.6
1930,2147,0.6
1934,3668,0.6
1945,2942,0.6
1955,3345,0.6
2031,2858,0.6
2060,3172,0.6
2116,2571,0.6
2126,3328,0.6
2185,2584,0.6
2300,3201,0.6
2300,3823,0.6
2303,2332,0.6
2424,3197,0.6
2695,2977,0.6
2805,3087,0.6
3101,3434,0.6
3372,3763,0.6
863,1196,0.6086956521739131
951,3673,0.6086956521739131
1550,3648,0.6086956521739131
1664,2750,0.6086956521739131
2456,2499,0.6086956521739131
179,1832,0.6111111111111112
226,1832,0.6111111111111112
482,1520,0.6111111111111112
483,2152,0.6111111111111112
721,1526,0.6111111111111112
1689,3061,0.6111111111111112
1738,3338,0.6111111111111112
2477,2603,0.6111111111111112
2658,3195,0.6111111111111112
2693,3900,0.6111111111111112
3530,3582,0.6111111111111112
8,1025,0.6153846153846154
56,775,0.6153846153846154
93,435,0.6153846153846154
96,1173,0.6153846153846154
110,3879,0.6153846153846154
119,2054,0.6153846153846154
178,2172,0.6153846153846154
221,2993,0.6153846153846154
242,3234,0.6153846153846154
287,424,0.6153846153846154
355,1897,0.6153846153846154
358,1587,0.6153846153846154
384,3505,0.6153846153846154
414,1197,0.6153846153846154
443,3542,0.6153846153846154
452,3382,0.6153846153846154
466,887,0.6153846153846154
553,619,0.6153846153846154
599,973,0.6153846153846154
605,3317,0.6153846153846154
615,2018,0.6153846153846154
695,2326,0.6153846153846154
710,3250,0.6153846153846154
790,2532,0.6153846153846154
790,2669,0.6153846153846154
833,3489,0.6153846153846154
839,1524,0.6153846153846154
854,1294,0.6153846153846154
867,2100,0.6153846153846154
895,2818,0.6153846153846154
929,3292,0.6153846153846154
999,2124,0.6153846153846154
1006,1428,0.6153846153846154
1058,1622,0.6153846153846154
1087,1346,0.6153846153846154
1089,3003,0.6153846153846154
1173,1765,0.6153846153846154
1182,1440,0.6153846153846154
1371,3377,0.6153846153846154
1456,2588,0.6153846153846154
1459,1503,0.6153846153846154
1530,2041,0.6153846153846154
1530,3739,0.6153846153846154
1565,1975,0.6153846153846154
1632,1937,0.6153846153846154
1736,1876,0.6153846153846154
1832,2003,0.6153846153846154
1942,2098,0.6153846153846154
2158,3861,0.6153846153846154
2330,2588,0.6153846153846154
2378,2503,0.6153846153846154
2474,2506,0.6153846153846154
2524,3176,0.6153846153846154
2555,3286,0.6153846153846154
2778,3425,0.6153846153846154
2829,3891,0.6153846153846154
2944,3314,0.6153846153846154
2949,3939,0.6153846153846154
3010,3808,0.6153846153846154
3056,3789,0.6153846153846154
3412,3543,0.6153846153846154
3670,3702,0.6153846153846154
20,3171,0.6190476190476191
154,226,0.6190476190476191
481,910,0.6190476190476191
853,3622,0.6190476190476191
960,1737,0.6190476190476191
1023,3530,0.6190476190476191
1051,3887,0.6190476190476191
3530,3753,0.6190476190476191
16,1408,0.625
16,1649,0.625
35,3911,0.625
50,3404,0.625
70,1566,0.625
77,895,0.625
77,3662,0.625
111,1921,0.625
111,2923,0.625
150,2028,0.625
155,2801,0.625
181,538,0.625
184,2407,0.625
184,2844,0.625
184,3288,0.625
201,2204,0.625
223,2613,0.625
279,3948,0.625
310,3712,0.625
324,1982,0.625
346,2737,0.625
352,2300,0.625
352,3766,0.625
373,3675,0.625
397,2753,0.625
409,2344,0.625
441,2842,0.625
464,1098,0.625
526,3776,0.625
576,2420,0.625
597,1494,0.625
614,3013,0.625
626,3948,0.625
638,1410,0.625
670,825,0.625
730,1728,0.625
748,1531,0.625
776,1015,0.625
888,3901,0.625
930,2801,0.625
960,2375,0.625
969,1243,0.625
978,2613,0.625
981,2264,0.625
1030,1510,0.625
1046,2197,0.625
1067,2914,0.625
1098,1858,0.625
1109,1381,0.625
1109,2273,0.625
1117,3081,0.625
1131,1494,0.625
1165,2987,0.625
1185,2006,0.625
1223,1840,0.625
1223,1869,0.625
1299,3372,0.625
1427,1982,0.625
1437,1664,0.625
1494,2946,0.625
1495,3833,0.625
1539,1598,0.625
1539,2328,0.625
1539,3950,0.625
1544,1924,0.625
1577,3102,0.625
1579,3706,0.625
1588,1977,0.625
1610,2223,0.625
1624,3133,0.625
1828,1977,0.625
1918,3642,0.625
1942,3109,0.625
1947,1982,0.625
2116,2476,0.625
2168,3389,0.625
2223,2654,0.625
2238,3770,0.625
2255,3006,0.625
2317,3487,0.625
2338,2716,0.625
2361,2618,0.625
2417,3706,0.625
2565,3258,0.625
2594,3777,0.625
2613,2989,0.625
2742,3662,0.625
2753,3090,0.625
2780,3129,0.625
2926,3254,0.625
2927,3552,0.625
3141,3721,0.625
3313,3530,0.625
3397,3613,0.625
3616,3897,0.625
3736,3948,0.625
401,3814,0.6296296296296297
648,3681,0.6296296296296297
725,2959,0.6296296296296297
1319,3855,0.6296296296296297
2513,3648,0.6296296296296297
25,1406,0.631578947368421
64,1546,0.631578947368421
218,321,0.631578947368421
301,1728,0.631578947368421
334,1012,0.631578947368421
383,2062,0.631578947368421
526,3362,0.631578947368421
618,2105,0.631578947368421
1051,3687,0.631578947368421
1205,1520,0.631578947368421
1205,3794,0.631578947368421
1221,3078,0.631578947368421
1339,1521,0.631578947368421
1526,3434,0.631578947368421
1823,3178,0.631578947368421
2074,2942,0.631578947368421
3295,3731,0.631578947368421
3410,3645,0.631578947368421
1222,2959,0.6333333333333333
0,2624,0.6363636363636364
42,911,0.6363636363636364
42,3103,0.6363636363636364
46,3552,0.6363636363636364
50,2052,0.6363636363636364
111,3375,0.6363636363636364
139,857,0.6363636363636364
151,3107,0.6363636363636364
185,1692,0.6363636363636364
196,3588,0.6363636363636364
199,2031,0.6363636363636364
225,3640,0.6363636363636364
264,1039,0.6363636363636364
272,674,0.6363636363636364
272,769,0.6363636363636364
326,2748,0.6363636363636364
327,1353,0.6363636363636364
347,3962,0.6363636363636364
361,2571,0.6363636363636364
370,3617,0.6363636363636364
375,1292,0.6363636363636364
431,3437,0.6363636363636364
464,1067,0.6363636363636364
466,1416,0.6363636363636364
533,2116,0.6363636363636364
533,3228,0.6363636363636364
542,2737,0.6363636363636364
557,1717,0.6363636363636364
565,3706,0.6363636363636364
586,2770,0.6363636363636364
591,2300,0.6363636363636364
670,3346,0.6363636363636364
674,1334,0.6363636363636364
714,3038,0.6363636363636364
769,1448,0.6363636363636364
820,1897,0.6363636363636364
854,1286,0.6363636363636364
864,3674,0.6363636363636364
891,3014,0.6363636363636364
892,3938,0.6363636363636364
911,2015,0.6363636363636364
954,1448,0.6363636363636364
992,1607,0.6363636363636364
1066,3613,0.6363636363636364
1069,3654,0.6363636363636364
1132,3948,0.6363636363636364
1234,1888,0.6363636363636364
1289,3317,0.6363636363636364
1306,2821,0.6363636363636364
1334,1416,0.6363636363636364
1334,3601,0.6363636363636364
1346,3736,0.6363636363636364
1351,2124,0.6363636363636364
1351,3267,0.6363636363636364
1381,2125,0.6363636363636364
1387,1520,0.6363636363636364
1394,2611,0.6363636363636364
1394,2741,0.6363636363636364
1503,3751,0.6363636363636364
1533,2526,0.6363636363636364
1622,1754,0.6363636363636364
1622,3291,0.6363636363636364
1765,2435,0.6363636363636364
1821,2275,0.6363636363636364
1892,2172,0.6363636363636364
1892,3377,0.6363636363636364
1953,2162,0.6363636363636364
1966,3706,0.6363636363636364
2003,3959,0.6363636363636364
2024,3613,0.6363636363636364
2172,2976,0.6363636363636364
2273,3601,0.6363636363636364
2309,2506,0.6363636363636364
2310,2821,0.6363636363636364
2387,3389,0.6363636363636364
2438,3172,0.6363636363636364
2479,3891,0.6363636363636364
2511,2821,0.6363636363636364
2670,3033,0.6363636363636364
2679,2778,0.6363636363636364
3037,3674,0.6363636363636364
3079,3674,0.6363636363636364
3134,3757,0.6363636363636364
3232,3609,0.6363636363636364
3233,3780,0.6363636363636364
3355,3903,0.6363636363636364
3410,3948,0.6363636363636364
3487,3814,0.6363636363636364
3505,3654,0.6363636363636364
3651,3766,0.6363636363636364
3654,3881,0.6363636363636364
350,380,0.64
442,3575,0.64
557,3648,0.64
30,119,0.6428571428571428
31,2538,0.6428571428571428
50,1760,0.6428571428571428
50,3964,0.6428571428571428
85,1765,0.6428571428571428
114,3706,0.6428571428571428
170,2737,0.6428571428571428
178,1929,0.6428571428571428
184,864,0.6428571428571428
265,841,0.6428571428571428
275,2659,0.6428571428571428
285,2148,0.6428571428571428
364,2124,0.6428571428571428
414,1809,0.6428571428571428
425,1448,0.6428571428571428
435,3050,0.6428571428571428
465,599,0.6428571428571428
566,867,0.6428571428571428
591,2522,0.6428571428571428
592,891,0.6428571428571428
642,3172,0.6428571428571428
689,1754,0.6428571428571428
714,873,0.6428571428571428
714,3117,0.6428571428571428
714,3462,0.6428571428571428
714,3635,0.6428571428571428
760,2933,0.6428571428571428
822,2891,0.6428571428571428
888,2116,0.6428571428571428
916,2674,0.6428571428571428
949,2667,0.6428571428571428
957,1286,0.6428571428571428
995,2710,0.6428571428571428
1002,1894,0.6428571428571428
1018,1918,0.6428571428571428
1037,3974,0.6428571428571428
1064,1448,0.6428571428571428
1067,1578,0.6428571428571428
1067,1738,0.6428571428571428
1111,2549,0.6428571428571428
1153,3891,0.6428571428571428
1206,1503,0.6428571428571428
1213,3258,0.6428571428571428
1221,1829,0.6428571428571428
1265,2959,0.6428571428571428
1322,2660,0.6428571428571428
1559,2763,0.6428571428571428
1641,2103,0.6428571428571428
1718,1832,0.6428571428571428
1740,2264,0.6428571428571428
1747,1780,0.6428571428571428
1786,1930,0.6428571428571428
1884,2172,0.6428571428571428
1894,3788,0.6428571428571428
1944,2348,0.6428571428571428
2296,2375,0.6428571428571428
2313,3286,0.6428571428571428
2335,3670,0.6428571428571428
2502,2695,0.6428571428571428
2551,3962,0.6428571428571428
2590,2842,0.6428571428571428
2607,3551,0.6428571428571428
2691,3664,0.6428571428571428
2946,3698,0.6428571428571428
3066,3871,0.6428571428571428
3223,3704,0.6428571428571428
3361,3900,0.6428571428571428
3473,3651,0.6428571428571428
3514,3633,0.6428571428571428
78,2105,0.6470588235294117
85,2289,0.6470588235294117
110,1205,0.6470588235294117
239,1526,0.6470588235294117
255,2958,0.6470588235294117
355,3701,0.6470588235294117
482,2251,0.6470588235294117
549,3196,0.6470588235294117
649,3128,0.6470588235294117
664,2009,0.6470588235294117
684,1883,0.6470588235294117
695,1091,0.6470588235294117
832,2391,0.6470588235294117
898,1201,0.6470588235294117
920,1395,0.6470588235294117
927,2437,0.6470588235294117
942,3434,0.6470588235294117
1067,2693,0.6470588235294117
1132,2996,0.6470588235294117
1294,3416,0.6470588235294117
1406,1992,0.6470588235294117
1406,2868,0.6470588235294117
1449,3382,0.6470588235294117
1492,1832,0.6470588235294117
1533,2178,0.6470588235294117
1545,2196,0.6470588235294117
2098,3167,0.6470588235294117
2224,2289,0.6470588235294117
2248,3664,0.6470588235294117
2251,3642,0.6470588235294117
2380,2567,0.6470588235294117
2403,3519,0.6470588235294117
2427,2435,0.6470588235294117
2501,3739,0.6470588235294117
2509,2724,0.6470588235294117
2724,3528,0.6470588235294117
2765,2799,0.6470588235294117
2924,3001,0.6470588235294117
3334,3630,0.6470588235294117
3365,3408,0.6470588235294117
3514,3653,0.6470588235294117
3530,3928,0.6470588235294117
55,378,0.65
64,3155,0.65
261,2510,0.65
276,3943,0.65
526,3456,0.65
528,1207,0.65
567,2501,0.65
764,3313,0.65
1404,1528,0.65
1874,2878,0.65
2687,2827,0.65
12,2573,0.6521739130434783
64,907,0.6521739130434783
64,1451,0.6521739130434783
226,3529,0.6521739130434783
252,3487,0.6521739130434783
346,2405,0.6521739130434783
639,3236,0.6521739130434783
1477,3133,0.6521739130434783
1712,3673,0.6521739130434783
1737,2110,0.6521739130434783
3133,3814,0.6538461538461539
3133,3722,0.65625
0,1047,0.6666666666666667
1,1183,0.6666666666666667
20,3590,0.6666666666666667
24,1689,0.6666666666666667
31,1579,0.6666666666666667
35,374,0.6666666666666667
35,1271,0.6666666666666667
35,2021,0.6666666666666667
40,2017,0.6666666666666667
50,230,0.6666666666666667
50,1177,0.6666666666666667
50,1494,0.6666666666666667
54,702,0.6666666666666667
56,2974,0.6666666666666667
62,2251,0.6666666666666667
63,385,0.6666666666666667
66,397,0.6666666666666667
70,760,0.6666666666666667
91,1160,0.6666666666666667
91,3286,0.6666666666666667
96,1116,0.6666666666666667
98,769,0.6666666666666667
101,3808,0.6666666666666667
103,2380,0.6666666666666667
103,3633,0.6666666666666667
111,1209,0.6666666666666667
113,1012,0.6666666666666667
113,2356,0.6666666666666667
127,2054,0.6666666666666667
127,2930,0.6666666666666667
139,1223,0.6666666666666667
159,1729,0.6666666666666667
161,1012,0.6666666666666667
171,2541,0.6666666666666667
184,828,0.6666666666666667
184,2925,0.6666666666666667
184,3223,0.6666666666666667
184,3724,0.6666666666666667
185,352,0.6666666666666667
189,783,0.6666666666666667
189,2670,0.6666666666666667
189,3317,0.6666666666666667
196,2261,0.6666666666666667
201,724,0.6666666666666667
211,1480,0.6666666666666667
211,3060,0.6666666666666667
218,3295,0.6666666666666667
222,1394,0.6666666666666667
223,2924,0.6666666666666667
226,3550,0.6666666666666667
226,3975,0.6666666666666667
230,394,0.6666666666666667
230,2966,0.6666666666666667
252,2199,0.6666666666666667
273,808,0.6666666666666667
279,503,0.6666666666666667
279,586,0.6666666666666667
283,3285,0.6666666666666667
291,406,0.6666666666666667
295,355,0.6666666666666667
295,1005,0.6666666666666667
299,1067,0.6666666666666667
301,2228,0.6666666666666667
301,3407,0.6666666666666667
311,2094,0.6666666666666667
314,1977,0.6666666666666667
320,2691,0.6666666666666667
324,2364,0.6666666666666667
326,3784,0.6666666666666667
328,3289,0.6666666666666667
329,350,0.6666666666666667
329,2947,0.6666666666666667
333,3267,0.6666666666666667
355,3408,0.6666666666666667
358,2682,0.6666666666666667
367,2273,0.6666666666666667
367,3237,0.6666666666666667
373,2415,0.6666666666666667
376,2904,0.6666666666666667
384,2236,0.6666666666666667
385,2363,0.6666666666666667
385,3305,0.6666666666666667
388,3780,0.6666666666666667
389,539,0.6666666666666667
389,561,0.6666666666666667
394,2373,0.6666666666666667
394,2891,0.6666666666666667
406,992,0.6666666666666667
409,984,0.6666666666666667
414,2792,0.6666666666666667
416,1177,0.6666666666666667
425,2261,0.6666666666666667
428,728,0.6666666666666667
435,806,0.6666666666666667
436,2923,0.6666666666666667
438,3212,0.6666666666666667
439,3614,0.6666666666666667
442,2012,0.6666666666666667
452,677,0.6666666666666667
452,3032,0.6666666666666667
453,3911,0.6666666666666667
455,3858,0.6666666666666667
456,1672,0.6666666666666667
469,1033,0.6666666666666667
478,3200,0.6666666666666667
492,1893,0.6666666666666667
497,1754,0.6666666666666667
497,2133,0.6666666666666667
497,3794,0.6666666666666667
501,1922,0.6666666666666667
504,892,0.6666666666666667
515,2974,0.6666666666666667
520,1787,0.6666666666666667
527,2588,0.6666666666666667
534,2568,0.6666666666666667
551,3092,0.6666666666666667
555,1947,0.6666666666666667
557,3102,0.6666666666666667
560,3813,0.6666666666666667
564,3731,0.6666666666666667
586,1965,0.6666666666666667
586,3564,0.6666666666666667
588,1929,0.6666666666666667
588,2034,0.6666666666666667
594,670,0.6666666666666667
600,2065,0.6666666666666667
611,1020,0.6666666666666667
614,676,0.6666666666666667
624,1297,0.6666666666666667
625,2673,0.6666666666666667
627,2553,0.6666666666666667
627,2561,0.6666666666666667
628,784,0.6666666666666667
632,1617,0.6666666666666667
634,2524,0.6666666666666667
634,3396,0.6666666666666667
635,1401,0.6666666666666667
646,2478,0.6666666666666667
656,863,0.6666666666666667
660,1055,0.6666666666666667
660,1264,0.6666666666666667
663,3757,0.6666666666666667
664,3219,0.6666666666666667
666,2052,0.6666666666666667
669,2014,0.6666666666666667
670,3806,0.6666666666666667
684,1621,0.6666666666666667
705,1661,0.6666666666666667
708,3184,0.6666666666666667
714,2710,0.6666666666666667
726,3408,0.6666666666666667
730,1810,0.6666666666666667
730,3644,0.6666666666666667
734,3129,0.6666666666666667
739,1177,0.6666666666666667
747,2976,0.6666666666666667
752,3588,0.6666666666666667
761,3640,0.6666666666666667
766,1012,0.6666666666666667
779,2267,0.6666666666666667
786,2919,0.6666666666666667
789,982,0.6666666666666667
789,3583,0.6666666666666667
794,1224,0.6666666666666667
794,1872,0.6666666666666667
802,3312,0.6666666666666667
822,2179,0.6666666666666667
830,2454,0.6666666666666667
833,1725,0.6666666666666667
836,864,0.6666666666666667
836,1823,0.6666666666666667
848,3572,0.6666666666666667
849,2923,0.6666666666666667
851,2805,0.6666666666666667
854,1539,0.6666666666666667
854,2541,0.6666666666666667
854,2674,0.6666666666666667
854,2842,0.6666666666666667
869,1033,0.6666666666666667
869,1572,0.6666666666666667
873,3673,0.6666666666666667
883,1205,0.6666666666666667
895,1506,0.6666666666666667
910,1775,0.6666666666666667
912,3694,0.6666666666666667
920,2588,0.6666666666666667
928,1524,0.6666666666666667
928,2372,0.6666666666666667
930,1328,0.6666666666666667
931,2532,0.6666666666666667
933,1214,0.6666666666666667
940,3487,0.6666666666666667
943,2289,0.6666666666666667
965,3081,0.6666666666666667
983,2283,0.6666666666666667
984,1833,0.6666666666666667
984,1921,0.6666666666666667
991,2584,0.6666666666666667
1004,2602,0.6666666666666667
1008,3530,0.6666666666666667
1011,1701,0.6666666666666667
1012,1357,0.6666666666666667
1025,1573,0.6666666666666667
1030,1247,0.6666666666666667
1036,2116,0.6666666666666667
1048,2844,0.6666666666666667
1054,3626,0.6666666666666667
1064,2470,0.6666666666666667
1064,3102,0.6666666666666667
1064,3295,0.6666666666666667
1067,2121,0.6666666666666667
1067,2769,0.6666666666666667
1067,3192,0.6666666666666667
1075,3061,0.6666666666666667
1085,3468,0.6666666666666667
1097,2298,0.6666666666666667
1098,2789,0.6666666666666667
1107,2300,0.6666666666666667
1108,1223,0.6666666666666667
1116,3089,0.6666666666666667
1117,3700,0.6666666666666667
1119,1587,0.6666666666666667
1132,2745,0.6666666666666667
1132,3349,0.6666666666666667
1132,3738,0.6666666666666667
1133,3387,0.6666666666666667
1147,3668,0.6666666666666667
1150,3649,0.6666666666666667
1157,3962,0.6666666666666667
1196,2768,0.6666666666666667
1201,2992,0.6666666666666667
1205,2788,0.6666666666666667
1214,2226,0.6666666666666667
1214,3907,0.6666666666666667
1215,1361,0.6666666666666667
1221,1689,0.6666666666666667
1221,2097,0.6666666666666667
1225,1951,0.6666666666666667
1229,1707,0.6666666666666667
1235,1536,0.6666666666666667
1235,2468,0.6666666666666667
1235,2529,0.6666666666666667
1239,3189,0.6666666666666667
1247,1613,0.6666666666666667
1255,2249,0.6666666666666667
1255,2300,0.6666666666666667
1275,2119,0.6666666666666667
1281,2069,0.6666666666666667
1287,3414,0.6666666666666667
1292,3187,0.6666666666666667
1296,1677,0.6666666666666667
1298,2976,0.6666666666666667
1298,3717,0.6666666666666667
1317,1448,0.6666666666666667
1317,3032,0.6666666666666667
1326,1795,0.6666666666666667
1334,1450,0.6666666666666667
1334,2360,0.6666666666666667
1334,3871,0.6666666666666667
1339,1579,0.6666666666666667
1348,2097,0.6666666666666667
1358,2649,0.6666666666666667
1381,2067,0.6666666666666667
1389,1416,0.6666666666666667
1390,3252,0.6666666666666667
1392,3710,0.6666666666666667
1404,2883,0.6666666666666667
1424,2755,0.6666666666666667
1426,2075,0.6666666666666667
1427,2202,0.6666666666666667
1447,2221,0.6666666666666667
1475,3286,0.6666666666666667
1481,2168,0.6666666666666667
1488,1493,0.6666666666666667
1488,3233,0.6666666666666667
1494,3249,0.6666666666666667
1506,3096,0.6666666666666667
1539,2989,0.6666666666666667
1540,2805,0.6666666666666667
1574,3649,0.6666666666666667
1579,2483,0.6666666666666667
1582,2118,0.6666666666666667
1582,3363,0.6666666666666667
1582,3433,0.6666666666666667
1599,2237,0.6666666666666667
1622,1659,0.6666666666666667
1622,2073,0.6666666666666667
1633,2926,0.6666666666666667
1633,3759,0.6666666666666667
1659,3972,0.6666666666666667
1679,1862,0.6666666666666667
1681,2237,0.6666666666666667
1685,2838,0.6666666666666667
1689,2270,0.6666666666666667
1703,3272,0.6666666666666667
1711,1917,0.6666666666666667
1719,1829,0.6666666666666667
1743,2268,0.6666666666666667
1753,3258,0.6666666666666667
1757,2373,0.6666666666666667
1759,3627,0.6666666666666667
1763,2982,0.6666666666666667
1769,2253,0.6666666666666667
1774,2142,0.6666666666666667
1780,2411,0.6666666666666667
1819,2833,0.6666666666666667
1821,2508,0.6666666666666667
1824,2753,0.6666666666666667
1854,2645,0.6666666666666667
1856,2478,0.6666666666666667
1885,2082,0.6666666666666667
1918,2105,0.6666666666666667
1924,2394,0.6666666666666667
1924,3948,0.6666666666666667
1931,2215,0.6666666666666667
1941,2172,0.6666666666666667
1946,3382,0.6666666666666667
1951,2880,0.6666666666666667
1960,2044,0.6666666666666667
1966,1980,0.6666666666666667
1966,2238,0.6666666666666667
1966,3812,0.6666666666666667
1969,2424,0.6666666666666667
1969,3810,0.6666666666666667
1977,2431,0.6666666666666667
1977,3946,0.6666666666666667
1985,3621,0.6666666666666667
2021,3513,0.6666666666666667
2036,3377,0.6666666666666667
2061,3975,0.6666666666666667
2062,2471,0.6666666666666667
2065,3200,0.6666666666666667
2071,3648,0.6666666666666667
2079,3134,0.6666666666666667
2111,3492,0.6666666666666667
2112,3948,0.6666666666666667
2145,3037,0.6666666666666667
2147,3711,0.6666666666666667
2151,3406,0.6666666666666667
2157,3419,0.6666666666666667
2172,3370,0.6666666666666667
2179,2299,0.6666666666666667
2189,3040,0.6666666666666667
2194,2516,0.6666666666666667
2194,3040,0.6666666666666667
2212,3222,0.6666666666666667
2214,2351,0.6666666666666667
2217,3254,0.6666666666666667
2220,2289,0.6666666666666667
2220,3856,0.6666666666666667
2237,2272,0.6666666666666667
2237,3562,0.6666666666666667
2243,3355,0.6666666666666667
2243,3957,0.6666666666666667
2252,3389,0.6666666666666667
2304,2711,0.6666666666666667
2314,3530,0.6666666666666667
2383,2733,0.6666666666666667
2393,2541,0.6666666666666667
2417,3431,0.6666666666666667
2420,2854,0.6666666666666667
2435,2826,0.6666666666666667
2488,3044,0.6666666666666667
2490,3416,0.6666666666666667
2496,2868,0.6666666666666667
2508,3666,0.6666666666666667
2518,3864,0.6666666666666667
2520,3706,0.6666666666666667
2521,2881,0.6666666666666667
2559,3616,0.6666666666666667
2573,3344,0.6666666666666667
2578,2985,0.6666666666666667
2584,3705,0.6666666666666667
2588,3289,0.6666666666666667
2588,3316,0.6666666666666667
2594,3061,0.6666666666666667
2613,3882,0.6666666666666667
2615,3367,0.6666666666666667
2636,3706,0.6666666666666667
2654,2833,0.6666666666666667
2674,2711,0.6666666666666667
2725,3155,0.6666666666666667
2745,3028,0.6666666666666667
2753,2802,0.6666666666666667
2801,3583,0.6666666666666667
2807,3530,0.6666666666666667
2826,3616,0.6666666666666667
2829,3006,0.6666666666666667
2849,2864,0.6666666666666667
2858,3039,0.6666666666666667
2891,3299,0.6666666666666667
2897,3306,0.6666666666666667
2898,3305,0.6666666666666667
2923,3875,0.6666666666666667
2962,3447,0.6666666666666667
2972,3461,0.6666666666666667
2973,3936,0.6666666666666667
2992,3176,0.6666666666666667
2999,3911,0.6666666666666667
3017,3190,0.6666666666666667
3026,3469,0.6666666666666667
3061,3212,0.6666666666666667
3066,3956,0.6666666666666667
3073,3176,0.6666666666666667
3108,3825,0.6666666666666667
3118,3129,0.6666666666666667
3133,3839,0.6666666666666667
3161,3707,0.6666666666666667
3233,3715,0.6666666666666667
3264,3698,0.6666666666666667
3287,3584,0.6666666666666667
3372,3560,0.6666666666666667
3379,3798,0.6666666666666667
3463,3497,0.6666666666666667
3487,3772,0.6666666666666667
3517,3665,0.6666666666666667
3517,3911,0.6666666666666667
3613,3918,0.6666666666666667
3706,3869,0.6666666666666667
160,3861,0.6774193548387097
350,2939,0.6785714285714286
2176,2919,0.6785714285714286
160,2919,0.6799999999999999
273,525,0.6799999999999999
380,1083,0.6799999999999999
1368,2827,0.6799999999999999
1388,2879,0.6799999999999999
1865,2158,0.6799999999999999
2179,2779,0.6799999999999999
2381,3305,0.6799999999999999
2853,3813,0.6799999999999999
9,660,0.6818181818181819
120,2898,0.6818181818181819
497,3510,0.6818181818181819
526,1515,0.6818181818181819
526,2678,0.6818181818181819
648,1717,0.6818181818181819
655,3156,0.6818181818181819
715,3222,0.6818181818181819
893,1067,0.6818181818181819
1107,3127,0.6818181818181819
1879,2401,0.6818181818181819
1879,3812,0.6818181818181819
2041,2906,0.6818181818181819
2105,2301,0.6818181818181819
2244,2589,0.6818181818181819
2301,2311,0.6818181818181819
2914,3017,0.6818181818181819
30,3343,0.6842105263157895
40,475,0.6842105263157895
64,2296,0.6842105263157895
115,2862,0.6842105263157895
170,2157,0.6842105263157895
173,2602,0.6842105263157895
212,3138,0.6842105263157895
353,1520,0.6842105263157895
427,3931,0.6842105263157895
457,3061,0.6842105263157895
457,3707,0.6842105263157895
535,1730,0.6842105263157895
584,811,0.6842105263157895
714,1318,0.6842105263157895
721,1616,0.6842105263157895
809,3074,0.6842105263157895
826,3590,0.6842105263157895
873,1758,0.6842105263157895
875,2735,0.6842105263157895
912,3178,0.6842105263157895
1012,1627,0.6842105263157895
1092,1105,0.6842105263157895
1162,1205,0.6842105263157895
1168,1584,0.6842105263157895
1283,1502,0.6842105263157895
1283,2425,0.6842105263157895
1327,1740,0.6842105263157895
1327,2536,0.6842105263157895
1479,1717,0.6842105263157895
1545,3358,0.6842105263157895
1808,3735,0.6842105263157895
1832,1874,0.6842105263157895
1836,1882,0.6842105263157895
1860,3117,0.6842105263157895
2018,2738,0.6842105263157895
2021,3230,0.6842105263157895
2054,2964,0.6842105263157895
2151,3621,0.6842105263157895
2305,3941,0.6842105263157895
2480,3258,0.6842105263157895
2809,3095,0.6842105263157895
3016,3219,0.6842105263157895
3095,3271,0.6842105263157895
3246,3298,0.6842105263157895
3310,3962,0.6842105263157895
3523,3776,0.6842105263157895
3,726,0.6875
18,1067,0.6875
196,2554,0.6875
226,2717,0.6875
280,611,0.6875
291,348,0.6875
299,2868,0.6875
362,1067,0.6875
378,1953,0.6875
400,1314,0.6875
414,1981,0.6875
415,1993,0.6875
421,1524,0.6875
488,3635,0.6875
505,3717,0.6875
549,862,0.6875
552,3770,0.6875
574,3707,0.6875
615,811,0.6875
649,3652,0.6875
681,2138,0.6875
689,2075,0.6875
708,3794,0.6875
729,3487,0.6875
733,763,0.6875
759,1522,0.6875
773,1757,0.6875
776,2555,0.6875
842,1794,0.6875
842,3297,0.6875
868,3190,0.6875
892,3835,0.6875
914,2966,0.6875
997,2375,0.6875
1009,3664,0.6875
1025,2333,0.6875
1068,3801,0.6875
1094,1966,0.6875
1164,2125,0.6875
1178,1659,0.6875
1178,3260,0.6875
1181,1650,0.6875
1223,3913,0.6875
1283,2373,0.6875
1326,3734,0.6875
1377,3962,0.6875
1392,2200,0.6875
1508,1953,0.6875
1524,2477,0.6875
1724,2588,0.6875
1741,3823,0.6875
1773,2545,0.6875
1780,1939,0.6875
1780,3434,0.6875
1844,3757,0.6875
1846,2659,0.6875
1854,2577,0.6875
1918,2107,0.6875
1939,2967,0.6875
1976,2343,0.6875
1992,2863,0.6875
2019,3258,0.6875
2034,3509,0.6875
2087,2842,0.6875
2325,3408,0.6875
2330,2455,0.6875
2373,3257,0.6875
2592,3505,0.6875
2665,3344,0.6875
2711,3791,0.6875
2745,3233,0.6875
2919,3743,0.6875
2936,3066,0.6875
2990,3298,0.6875
3028,3858,0.6875
3190,3693,0.6875
3223,3347,0.6875
3243,3505,0.6875
3245,3791,0.6875
19,3465,0.6896551724137931
624,3650,0.6896551724137931
717,1705,0.6896551724137931
717,3385,0.6896551724137931
1388,2158,0.6896551724137931
1491,3777,0.6896551724137931
1516,1849,0.6896551724137931
1705,3795,0.6896551724137931
3378,3813,0.6896551724137931
15,2880,0.6923076923076923
16,521,0.6923076923076923
34,1214,0.6923076923076923
42,1350,0.6923076923076923
69,547,0.6923076923076923
91,1775,0.6923076923076923
103,702,0.6923076923076923
103,1856,0.6923076923076923
139,1360,0.6923076923076923
139,2149,0.6923076923076923
185,1658,0.6923076923076923
229,1554,0.6923076923076923
242,3640,0.6923076923076923
256,895,0.6923076923076923
280,1317,0.6923076923076923
333,2126,0.6923076923076923
338,1065,0.6923076923076923
347,640,0.6923076923076923
369,3189,0.6923076923076923
388,1128,0.6923076923076923
389,753,0.6923076923076923
389,872,0.6923076923076923
401,1629,0.6923076923076923
431,3399,0.6923076923076923
478,2511,0.6923076923076923
507,2513,0.6923076923076923
546,689,0.6923076923076923
566,1525,0.6923076923076923
634,1524,0.6923076923076923
664,2529,0.6923076923076923
695,779,0.6923076923076923
710,974,0.6923076923076923
715,3077,0.6923076923076923
789,3044,0.6923076923076923
790,1115,0.6923076923076923
798,1378,0.6923076923076923
818,1558,0.6923076923076923
827,2310,0.6923076923076923
830,3782,0.6923076923076923
841,3691,0.6923076923076923
864,988,0.6923076923076923
880,3374,0.6923076923076923
891,2637,0.6923076923076923
928,931,0.6923076923076923
955,1225,0.6923076923076923
986,2744,0.6923076923076923
1020,3689,0.6923076923076923
1023,1669,0.6923076923076923
1034,2734,0.6923076923076923
1057,1659,0.6923076923076923
1181,3927,0.6923076923076923
1182,3584,0.6923076923076923
1226,2373,0.6923076923076923
1246,2304,0.6923076923076923
1292,1911,0.6923076923076923
1298,2984,0.6923076923076923
1306,3811,0.6923076923076923
1347,2021,0.6923076923076923
1392,3491,0.6923076923076923
1415,2875,0.6923076923076923
1448,3418,0.6923076923076923
1462,3232,0.6923076923076923
1539,1702,0.6923076923076923
1672,3286,0.6923076923076923
1678,3903,0.6923076923076923
1754,1953,0.6923076923076923
1789,3651,0.6923076923076923
1797,1899,0.6923076923076923
1913,2858,0.6923076923076923
1966,2733,0.6923076923076923
1966,3106,0.6923076923076923
2003,3165,0.6923076923076923
2014,2665,0.6923076923076923
2045,2100,0.6923076923076923
2060,2486,0.6923076923076923
2062,3807,0.6923076923076923
2064,3305,0.6923076923076923
2125,3605,0.6923076923076923
2158,3329,0.6923076923076923
2172,3241,0.6923076923076923
2273,3331,0.6923076923076923
2488,2817,0.6923076923076923
2500,3377,0.6923076923076923
2561,2667,0.6923076923076923
2698,3111,0.6923076923076923
2698,3525,0.6923076923076923
2842,3460,0.6923076923076923
2885,3223,0.6923076923076923
3068,3882,0.6923076923076923
3131,3714,0.6923076923076923
3201,3661,0.6923076923076923
3408,3437,0.6923076923076923
3566,3824,0.6923076923076923
3575,3728,0.6923076923076923
3764,3780,0.6923076923076923
184,3453,0.6956521739130435
219,2199,0.6956521739130435
356,3920,0.6956521739130435
438,2089,0.6956521739130435
474,3677,0.6956521739130435
653,1612,0.6956521739130435
746,1490,0.6956521739130435
756,1549,0.6956521739130435
975,1395,0.6956521739130435
1023,2232,0.6956521739130435
1112,1704,0.6956521739130435
1594,2389,0.6956521739130435
1850,2453,0.6956521739130435
1993,3650,0.6956521739130435
2101,3940,0.6956521739130435
2388,3546,0.6956521739130435
3156,3725,0.6956521739130435
3222,3575,0.6956521739130435
3285,3594,0.6956521739130435
3370,3746,0.6956521739130435
258,2642,0.696969696969697
1002,1063,0.696969696969697
4,584,0.7
16,3822,0.7
25,2000,0.7
29,1049,0.7
35,2892,0.7
54,2578,0.7
92,2914,0.7
99,3550,0.7
128,3585,0.7
128,3940,0.7
144,2679,0.7
168,1297,0.7
168,1602,0.7
170,2331,0.7
189,1029,0.7
193,2998,0.7
212,1776,0.7
260,1255,0.7
321,2259,0.7
327,619,0.7
334,2563,0.7
342,3189,0.7
350,730,0.7
352,1337,0.7
367,1125,0.7
373,2714,0.7
387,1057,0.7
394,1245,0.7
396,790,0.7
402,886,0.7
409,749,0.7
412,1223,0.7
417,2528,0.7
480,2457,0.7
504,2278,0.7
512,3560,0.7
542,2910,0.7
558,2472,0.7
589,854,0.7
600,2082,0.7
604,3318,0.7
604,3654,0.7
613,3812,0.7
620,2266,0.7
625,3125,0.7
634,941,0.7
639,1534,0.7
658,1799,0.7
663,2790,0.7
664,2773,0.7
692,1579,0.7
713,1765,0.7
757,1079,0.7
788,1187,0.7
789,3924,0.7
796,2656,0.7
825,3053,0.7
831,1973,0.7
854,2382,0.7
883,1152,0.7
941,3042,0.7
984,3080,0.7
984,3108,0.7
990,2981,0.7
1012,3046,0.7
1075,3721,0.7
1079,1383,0.7
1097,1247,0.7
1119,2601,0.7
1131,1638,0.7
1131,3909,0.7
1154,3706,0.7
1159,3517,0.7
1160,1392,0.7
1183,1692,0.7
1199,2472,0.7
1217,2791,0.7
1223,3476,0.7
1246,3278,0.7
1306,3798,0.7
1326,3702,0.7
1352,3664,0.7
1366,3197,0.7
1376,3254,0.7
1389,3598,0.7
1391,1467,0.7
1392,2718,0.7
1424,3883,0.7
1432,1862,0.7
1438,1539,0.7
1461,1649,0.7
1532,3865,0.7
1592,3654,0.7
1598,3330,0.7
1621,2337,0.7
1623,2428,0.7
1716,3189,0.7
1762,2168,0.7
1763,2398,0.7
1769,3692,0.7
1818,3173,0.7
1848,3794,0.7
1937,2159,0.7
1968,2904,0.7
1977,2721,0.7
1982,3896,0.7
1984,3129,0.7
2133,3213,0.7
2276,3389,0.7
2331,3748,0.7
2332,3629,0.7
2336,3911,0.7
2410,3429,0.7
2495,3097,0.7
2534,3668,0.7
2542,3839,0.7
2596,3706,0.7
2611,2983,0.7
2613,3786,0.7
2686,2690,0.7
2723,3930,0.7
2731,3590,0.7
2735,3949,0.7
2751,3851,0.7
2802,3968,0.7
2808,3411,0.7
3006,3671,0.7
3081,3463,0.7
3208,3954,0.7
3232,3357,0.7
3343,3504,0.7
3387,3414,0.7
3393,3427,0.7
3435,3495,0.7
3501,3642,0.7
3503,3647,0.7
3640,3945,0.7
9,1166,0.7037037037037037
210,3861,0.7037037037037037
383,3378,0.7037037037037037
438,3203,0.7037037037037037
525,3575,0.7037037037037037
910,3855,0.7037037037037037
1764,2693,0.7037037037037037
1972,3452,0.7037037037037037
3175,3212,0.7037037037037037
15,1457,0.7058823529411764
18,2230,0.7058823529411764
18,2600,0.7058823529411764
74,3912,0.7058823529411764
103,641,0.7058823529411764
159,609,0.7058823529411764
170,1061,0.7058823529411764
177,1372,0.7058823529411764
191,1348,0.7058823529411764
192,2343,0.7058823529411764
212,3956,0.7058823529411764
214,2048,0.7058823529411764
280,816,0.7058823529411764
295,842,0.7058823529411764
295,2973,0.7058823529411764
333,896,0.7058823529411764
381,3120,0.7058823529411764
465,1220,0.7058823529411764
475,2297,0.7058823529411764
548,1976,0.7058823529411764
554,1528,0.7058823529411764
577,3400,0.7058823529411764
599,3366,0.7058823529411764
641,3441,0.7058823529411764
654,1064,0.7058823529411764
655,3871,0.7058823529411764
669,2148,0.7058823529411764
687,1795,0.7058823529411764
690,3172,0.7058823529411764
709,1372,0.7058823529411764
714,1227,0.7058823529411764
733,3665,0.7058823529411764
741,2602,0.7058823529411764
745,965,0.7058823529411764
753,3333,0.7058823529411764
791,2999,0.7058823529411764
847,1427,0.7058823529411764
888,1748,0.7058823529411764
914,3044,0.7058823529411764
916,3519,0.7058823529411764
943,2734,0.7058823529411764
952,1845,0.7058823529411764
967,3416,0.7058823529411764
1106,1887,0.7058823529411764
1136,3241,0.7058823529411764
1223,1471,0.7058823529411764
1250,2015,0.7058823529411764
1256,1795,0.7058823529411764
1311,3536,0.7058823529411764
1370,2112,0.7058823529411764
1371,2612,0.7058823529411764
1374,2098,0.7058823529411764
1376,2023,0.7058823529411764
1403,3319,0.7058823529411764
1416,1429,0.7058823529411764
1428,1563,0.7058823529411764
1445,3700,0.7058823529411764
1493,2830,0.7058823529411764
1518,2079,0.7058823529411764
1537,2172,0.7058823529411764
1816,3292,0.7058823529411764
1845,2424,0.7058823529411764
1852,2681,0.7058823529411764
1933,3857,0.7058823529411764
1952,2856,0.7058823529411764
1952,3776,0.7058823529411764
1957,3764,0.7058823529411764
2036,3686,0.7058823529411764
2073,3358,0.7058823529411764
2094,2289,0.7058823529411764
2105,3009,0.7058823529411764
2105,3069,0.7058823529411764
2215,3408,0.7058823529411764
2285,2829,0.7058823529411764
2343,2862,0.7058823529411764
2423,3165,0.7058823529411764
2486,3952,0.7058823529411764
2515,2733,0.7058823529411764
2588,2735,0.7058823529411764
2614,2875,0.7058823529411764
2659,3069,0.7058823529411764
2666,3770,0.7058823529411764
2866,3455,0.7058823529411764
3182,3243,0.7058823529411764
3306,3454,0.7058823529411764
3351,3664,0.7058823529411764
26,1893,0.7083333333333333
77,2899,0.7083333333333333
101,407,0.7083333333333333
133,3644,0.7083333333333333
212,3202,0.7083333333333333
259,273,0.7083333333333333
273,3236,0.7083333333333333
350,2108,0.7083333333333333
368,1689,0.7083333333333333
408,3061,0.7083333333333333
560,1332,0.7083333333333333
715,1879,0.7083333333333333
876,2058,0.7083333333333333
1196,1458,0.7083333333333333
1207,1994,0.7083333333333333
1355,2270,0.7083333333333333
1704,3167,0.7083333333333333
2083,2788,0.7083333333333333
2385,3812,0.7083333333333333
3556,3793,0.7083333333333333
3,3325,0.7142857142857143
31,3606,0.7142857142857143
57,387,0.7142857142857143
62,2004,0.7142857142857143
64,2092,0.7142857142857143
74,3509,0.7142857142857143
106,3312,0.7142857142857143
111,1198,0.7142857142857143
128,3075,0.7142857142857143
135,1046,0.7142857142857143
161,1165,0.7142857142857143
161,1889,0.7142857142857143
162,1098,0.7142857142857143
165,3288,0.7142857142857143
179,1973,0.7142857142857143
186,3201,0.7142857142857143
196,1887,0.7142857142857143
215,3061,0.7142857142857143
222,303,0.7142857142857143
226,1990,0.7142857142857143
247,1033,0.7142857142857143
268,1776,0.7142857142857143
272,3931,0.7142857142857143
280,404,0.7142857142857143
281,3939,0.7142857142857143
287,2186,0.7142857142857143
288,3635,0.7142857142857143
301,2641,0.7142857142857143
303,493,0.7142857142857143
303,2852,0.7142857142857143
303,3125,0.7142857142857143
313,1132,0.7142857142857143
314,1081,0.7142857142857143
321,899,0.7142857142857143
349,1924,0.7142857142857143
362,1825,0.7142857142857143
365,3118,0.7142857142857143
367,1989,0.7142857142857143
383,3795,0.7142857142857143
392,2825,0.7142857142857143
397,1837,0.7142857142857143
420,714,0.7142857142857143
424,1217,0.7142857142857143
439,540,0.7142857142857143
442,2139,0.7142857142857143
452,1663,0.7142857142857143
461,549,0.7142857142857143
463,3327,0.7142857142857143
480,3397,0.7142857142857143
499,616,0.7142857142857143
513,2014,0.7142857142857143
529,2295,0.7142857142857143
544,3896,0.7142857142857143
562,905,0.7142857142857143
572,1621,0.7142857142857143
575,3583,0.7142857142857143
591,1024,0.7142857142857143
593,1327,0.7142857142857143
635,2504,0.7142857142857143
635,3217,0.7142857142857143
637,3358,0.7142857142857143
666,2990,0.7142857142857143
666,3067,0.7142857142857143
667,3231,0.7142857142857143
685,1182,0.7142857142857143
706,891,0.7142857142857143
719,2360,0.7142857142857143
726,2430,0.7142857142857143
729,3384,0.7142857142857143
735,2893,0.7142857142857143
738,3831,0.7142857142857143
742,1081,0.7142857142857143
743,2285,0.7142857142857143
749,3216,0.7142857142857143
750,2304,0.7142857142857143
752,2703,0.7142857142857143
768,1773,0.7142857142857143
779,3801,0.7142857142857143
793,3618,0.7142857142857143
807,981,0.7142857142857143
810,1821,0.7142857142857143
813,3691,0.7142857142857143
861,902,0.7142857142857143
863,3723,0.7142857142857143
864,3818,0.7142857142857143
886,2588,0.7142857142857143
917,2879,0.7142857142857143
931,1959,0.7142857142857143
938,3165,0.7142857142857143
965,3595,0.7142857142857143
966,3635,0.7142857142857143
985,1354,0.7142857142857143
985,1582,0.7142857142857143
993,2673,0.7142857142857143
1026,1224,0.7142857142857143
1033,1857,0.7142857142857143
1033,3262,0.7142857142857143
1033,3435,0.7142857142857143
1073,1714,0.7142857142857143
1081,2897,0.7142857142857143
1116,3270,0.7142857142857143
1131,1770,0.7142857142857143
1142,3570,0.7142857142857143
1143,2914,0.7142857142857143
1156,2868,0.7142857142857143
1167,3558,0.7142857142857143
1168,2343,0.7142857142857143
1185,2452,0.7142857142857143
1199,1697,0.7142857142857143
1214,1418,0.7142857142857143
1218,2492,0.7142857142857143
1264,1942,0.7142857142857143
1279,3225,0.7142857142857143
1286,3926,0.7142857142857143
1293,1913,0.7142857142857143
1295,1670,0.7142857142857143
1307,3088,0.7142857142857143
1315,3706,0.7142857142857143
1334,1902,0.7142857142857143
1380,3306,0.7142857142857143
1400,2673,0.7142857142857143
1406,2557,0.7142857142857143
1409,3317,0.7142857142857143
1421,3243,0.7142857142857143
1423,2140,0.7142857142857143
1436,1951,0.7142857142857143
1453,3372,0.7142857142857143
1459,1749,0.7142857142857143
1507,2844,0.7142857142857143
1511,3783,0.7142857142857143
1523,2733,0.7142857142857143
1549,3900,0.7142857142857143
1559,2099,0.7142857142857143
1570,2745,0.7142857142857143
1573,2908,0.7142857142857143
1594,2299,0.7142857142857143
1599,2956,0.7142857142857143
1636,2016,0.7142857142857143
1667,2479,0.7142857142857143
1675,2274,0.7142857142857143
1678,3626,0.7142857142857143
1698,3604,0.7142857142857143
1702,3496,0.7142857142857143
1729,2437,0.7142857142857143
1751,2606,0.7142857142857143
1773,2621,0.7142857142857143
1797,3554,0.7142857142857143
1799,3597,0.7142857142857143
1802,3040,0.7142857142857143
1851,3288,0.7142857142857143
1855,2031,0.7142857142857143
1856,2583,0.7142857142857143
1889,3532,0.7142857142857143
1905,3408,0.7142857142857143
1912,2361,0.7142857142857143
1917,3611,0.7142857142857143
1977,2197,0.7142857142857143
2015,2322,0.7142857142857143
2150,3412,0.7142857142857143
2167,3245,0.7142857142857143
2168,3218,0.7142857142857143
2198,2647,0.7142857142857143
2199,2308,0.7142857142857143
2213,3942,0.7142857142857143
2221,3677,0.7142857142857143
2258,3329,0.7142857142857143
2293,2873,0.7142857142857143
2402,3879,0.7142857142857143
2410,2980,0.7142857142857143
2412,3237,0.7142857142857143
2432,2805,0.7142857142857143
2445,2745,0.7142857142857143
2494,3232,0.7142857142857143
2616,3040,0.7142857142857143
2621,2662,0.7142857142857143
2624,3021,0.7142857142857143
2668,2700,0.7142857142857143
2699,3530,0.7142857142857143
2831,3222,0.7142857142857143
2842,3604,0.7142857142857143
2865,2976,0.7142857142857143
2909,3046,0.7142857142857143
2919,3799,0.7142857142857143
2928,3437,0.7142857142857143
2932,3953,0.7142857142857143
2962,3149,0.7142857142857143
3063,3383,0.7142857142857143
3086,3223,0.7142857142857143
3154,3731,0.7142857142857143
3157,3891,0.7142857142857143
3166,3366,0.7142857142857143
3327,3869,0.7142857142857143
3343,3534,0.7142857142857143
3362,3865,0.7142857142857143
3783,3969,0.7142857142857143
3948,3958,0.7142857142857143
19,1265,0.71875
624,2258,0.71875
150,1023,0.72
380,3556,0.72
457,3070,0.72
618,3854,0.72
898,2158,0.72
1308,1815,0.72
1355,2388,0.72
1430,3805,0.72
1449,2531,0.72
1526,3116,0.72
1621,2180,0.72
1850,3305,0.72
2090,2557,0.72
2199,2274,0.72
2228,3354,0.72
2228,3571,0.72
2496,3824,0.72
2641,3970,0.72
14,2588,0.7222222222222222
25,376,0.7222222222222222
50,3816,0.7222222222222222
103,1804,0.7222222222222222
108,2232,0.7222222222222222
128,545,0.7222222222222222
163,983,0.7222222222222222
170,2467,0.7222222222222222
187,777,0.7222222222222222
234,664,0.7222222222222222
261,3176,0.7222222222222222
278,2018,0.7222222222222222
317,2603,0.7222222222222222
385,3023,0.7222222222222222
421,454,0.7222222222222222
452,1266,0.7222222222222222
468,3613,0.7222222222222222
492,1114,0.7222222222222222
498,1457,0.7222222222222222
527,746,0.7222222222222222
556,1414,0.7222222222222222
578,3010,0.7222222222222222
596,1879,0.7222222222222222
615,2460,0.7222222222222222
686,3528,0.7222222222222222
711,1246,0.7222222222222222
712,873,0.7222222222222222
793,3283,0.7222222222222222
822,2086,0.7222222222222222
842,1311,0.7222222222222222
1036,3820,0.7222222222222222
1041,1932,0.7222222222222222
1046,1161,0.7222222222222222
1093,3222,0.7222222222222222
1132,3906,0.7222222222222222
1149,2212,0.7222222222222222
1162,3458,0.7222222222222222
1184,2387,0.7222222222222222
1246,1541,0.7222222222222222
1246,2029,0.7222222222222222
1249,3382,0.7222222222222222
1448,2740,0.7222222222222222
1519,2179,0.7222222222222222
1527,3442,0.7222222222222222
1534,3894,0.7222222222222222
1562,2343,0.7222222222222222
1630,2248,0.7222222222222222
1661,2966,0.7222222222222222
1685,3174,0.7222222222222222
1714,3239,0.7222222222222222
1723,2402,0.7222222222222222
1832,3490,0.7222222222222222
1883,2179,0.7222222222222222
1920,3039,0.7222222222222222
1944,3872,0.7222222222222222
1962,3411,0.7222222222222222
1970,3473,0.7222222222222222
2049,3021,0.7222222222222222
2050,2844,0.7222222222222222
2077,2851,0.7222222222222222
2151,2842,0.7222222222222222
2267,3140,0.7222222222222222
2343,3593,0.7222222222222222
2360,3631,0.7222222222222222
2445,2875,0.7222222222222222
2465,3906,0.7222222222222222
2621,3142,0.7222222222222222
2919,3185,0.7222222222222222
3063,3504,0.7222222222222222
3102,3128,0.7222222222222222
3142,3199,0.7222222222222222
3157,3920,0.7222222222222222
3292,3890,0.7222222222222222
393,2101,0.7241379310344828
1156,1914,0.7241379310344828
1591,2499,0.7241379310344828
1704,3369,0.7241379310344828
2258,3252,0.7241379310344828
1,3692,0.7272727272727273
2,2045,0.7272727272727273
2,3733,0.7272727272727273
17,1055,0.7272727272727273
41,3948,0.7272727272727273
43,1729,0.7272727272727273
50,3963,0.7272727272727273
64,1499,0.7272727272727273
67,323,0.7272727272727273
74,3381,0.7272727272727273
91,1017,0.7272727272727273
96,201,0.7272727272727273
97,691,0.7272727272727273
97,825,0.7272727272727273
130,1102,0.7272727272727273
136,3598,0.7272727272727273
139,929,0.7272727272727273
141,834,0.7272727272727273
146,854,0.7272727272727273
146,2982,0.7272727272727273
189,1906,0.7272727272727273
190,1202,0.7272727272727273
192,2728,0.7272727272727273
206,2340,0.7272727272727273
216,659,0.7272727272727273
216,3541,0.7272727272727273
224,1117,0.7272727272727273
253,2598,0.7272727272727273
270,3448,0.7272727272727273
273,3025,0.7272727272727273
280,2962,0.7272727272727273
309,2796,0.7272727272727273
310,1778,0.7272727272727273
310,3279,0.7272727272727273
314,3520,0.7272727272727273
319,1496,0.7272727272727273
323,3487,0.7272727272727273
337,620,0.7272727272727273
360,3537,0.7272727272727273
394,865,0.7272727272727273
417,1029,0.7272727272727273
435,522,0.7272727272727273
462,1997,0.7272727272727273
464,1690,0.7272727272727273
476,1185,0.7272727272727273
487,3167,0.7272727272727273
506,1453,0.7272727272727273
520,2867,0.7272727272727273
523,2530,0.7272727272727273
542,1229,0.7272727272727273
549,3274,0.7272727272727273
555,694,0.7272727272727273
569,2435,0.7272727272727273
573,1840,0.7272727272727273
583,3840,0.7272727272727273
604,1001,0.7272727272727273
672,2541,0.7272727272727273
699,3725,0.7272727272727273
718,3777,0.7272727272727273
724,3659,0.7272727272727273
762,3262,0.7272727272727273
788,2040,0.7272727272727273
802,2488,0.7272727272727273
804,3286,0.7272727272727273
824,2619,0.7272727272727273
826,2932,0.7272727272727273
839,3954,0.7272727272727273
842,3895,0.7272727272727273
847,2464,0.7272727272727273
854,1000,0.7272727272727273
891,3094,0.7272727272727273
894,1897,0.7272727272727273
897,1438,0.7272727272727273
920,2777,0.7272727272727273
931,3947,0.7272727272727273
937,2524,0.7272727272727273
945,2023,0.7272727272727273
966,2227,0.7272727272727273
984,3868,0.7272727272727273
989,2969,0.7272727272727273
996,2930,0.7272727272727273
1059,1775,0.7272727272727273
1059,2712,0.7272727272727273
1073,2309,0.7272727272727273
1101,1567,0.7272727272727273
1113,1472,0.7272727272727273
1124,2497,0.7272727272727273
1143,2548,0.7272727272727273
1160,2608,0.7272727272727273
1182,1333,0.7272727272727273
1185,2905,0.7272727272727273
1192,1876,0.7272727272727273
1201,3597,0.7272727272727273
1219,1326,0.7272727272727273
1369,2255,0.7272727272727273
1394,3110,0.7272727272727273
1400,2556,0.7272727272727273
1428,2122,0.7272727272727273
1473,3048,0.7272727272727273
1474,3661,0.7272727272727273
1489,2880,0.7272727272727273
1517,1763,0.7272727272727273
1547,3134,0.7272727272727273
1626,1763,0.7272727272727273
1662,2973,0.7272727272727273
1709,2679,0.7272727272727273
1715,1865,0.7272727272727273
1780,2466,0.7272727272727273
1829,2656,0.7272727272727273
1832,2581,0.7272727272727273
1846,2205,0.7272727272727273
1868,3622,0.7272727272727273
1869,2327,0.7272727272727273
1921,3147,0.7272727272727273
1925,3519,0.7272727272727273
1964,2405,0.7272727272727273
1972,3102,0.7272727272727273
1977,3634,0.7272727272727273
1988,2443,0.7272727272727273
2011,3083,0.7272727272727273
2017,2890,0.7272727272727273
2058,3351,0.7272727272727273
2065,3821,0.7272727272727273
2160,2342,0.7272727272727273
2162,2309,0.7272727272727273
2187,2339,0.7272727272727273
2228,3477,0.7272727272727273
2260,3427,0.7272727272727273
2273,3553,0.7272727272727273
2299,3592,0.7272727272727273
2339,2784,0.7272727272727273
2375,2764,0.7272727272727273
2412,3884,0.7272727272727273
2519,2613,0.7272727272727273
2529,2978,0.7272727272727273
2568,3749,0.7272727272727273
2613,3589,0.7272727272727273
2615,3919,0.7272727272727273
2617,2923,0.7272727272727273
2627,3736,0.7272727272727273
2730,3884,0.7272727272727273
2766,2871,0.7272727272727273
2776,3882,0.7272727272727273
2796,3640,0.7272727272727273
2841,3974,0.7272727272727273
2914,3088,0.7272727272727273
3094,3409,0.7272727272727273
3163,3189,0.7272727272727273
3173,3188,0.7272727272727273
3189,3718,0.7272727272727273
3271,3404,0.7272727272727273
3280,3705,0.7272727272727273
3819,3875,0.7272727272727273
3482,3795,0.7297297297297297
126,1143,0.7307692307692308
218,494,0.7307692307692308
329,1720,0.7307692307692308
332,3673,0.7307692307692308
341,699,0.7307692307692308
598,2594,0.7307692307692308
853,3151,0.7307692307692308
966,2643,0.7307692307692308
1055,2341,0.7307692307692308
1102,3359,0.7307692307692308
1104,1702,0.7307692307692308
1273,1455,0.7307692307692308
1745,3319,0.7307692307692308
2212,2948,0.7307692307692308
2686,3329,0.7307692307692308
2728,3360,0.7307692307692308
3329,3847,0.7307692307692308
39,815,0.7333333333333334
50,774,0.7333333333333334
58,833,0.7333333333333334
68,1829,0.7333333333333334
132,1539,0.7333333333333334
143,892,0.7333333333333334
203,2829,0.7333333333333334
260,1460,0.7333333333333334
272,304,0.7333333333333334
279,885,0.7333333333333334
285,3076,0.7333333333333334
316,726,0.7333333333333334
331,902,0.7333333333333334
333,3444,0.7333333333333334
347,722,0.7333333333333334
362,2552,0.7333333333333334
456,541,0.7333333333333334
474,2626,0.7333333333333334
484,914,0.7333333333333334
488,3177,0.7333333333333334
523,2689,0.7333333333333334
529,3438,0.7333333333333334
532,2906,0.7333333333333334
535,2261,0.7333333333333334
546,2371,0.7333333333333334
552,2384,0.7333333333333334
559,826,0.7333333333333334
573,623,0.7333333333333334
582,3624,0.7333333333333334
594,1736,0.7333333333333334
599,3641,0.7333333333333334
605,1279,0.7333333333333334
675,2225,0.7333333333333334
714,1639,0.7333333333333334
732,2999,0.7333333333333334
738,792,0.7333333333333334
758,3691,0.7333333333333334
769,1274,0.7333333333333334
769,3036,0.7333333333333334
845,1835,0.7333333333333334
891,972,0.7333333333333334
928,2013,0.7333333333333334
1007,1024,0.7333333333333334
1013,1315,0.7333333333333334
1122,1214,0.7333333333333334
1132,3018,0.7333333333333334
1139,1509,0.7333333333333334
1193,2546,0.7333333333333334
1246,2824,0.7333333333333334
1277,2373,0.7333333333333334
1286,1674,0.7333333333333334
1324,2692,0.7333333333333334
1424,3892,0.7333333333333334
1467,2787,0.7333333333333334
1484,2309,0.7333333333333334
1543,1951,0.7333333333333334
1567,2623,0.7333333333333334
1595,2243,0.7333333333333334
1618,2634,0.7333333333333334
1659,3551,0.7333333333333334
1695,3507,0.7333333333333334
1699,2725,0.7333333333333334
1733,1858,0.7333333333333334
1798,3212,0.7333333333333334
1801,2490,0.7333333333333334
1803,2981,0.7333333333333334
1878,3822,0.7333333333333334
1899,3241,0.7333333333333334
1983,2437,0.7333333333333334
2035,3382,0.7333333333333334
2045,2323,0.7333333333333334
2174,3303,0.7333333333333334
2302,3512,0.7333333333333334
2384,3065,0.7333333333333334
2453,3838,0.7333333333333334
2595,3588,0.7333333333333334
2640,3433,0.7333333333333334
2680,2938,0.7333333333333334
2704,3437,0.7333333333333334
2822,3387,0.7333333333333334
2917,3190,0.7333333333333334
3294,3610,0.7333333333333334
530,1222,0.7352941176470589
1873,3777,0.7352941176470589
2231,3335,0.7352941176470589
10,1186,0.736842105263158
53,1763,0.736842105263158
86,1162,0.736842105263158
130,1800,0.736842105263158
167,584,0.736842105263158
214,3032,0.736842105263158
231,1091,0.736842105263158
248,3196,0.736842105263158
345,1892,0.736842105263158
451,791,0.736842105263158
490,2681,0.736842105263158
514,2602,0.736842105263158
524,2534,0.736842105263158
545,3889,0.736842105263158
588,1478,0.736842105263158
623,2912,0.736842105263158
829,3818,0.736842105263158
836,2386,0.736842105263158
852,3131,0.736842105263158
854,2514,0.736842105263158
901,3465,0.736842105263158
950,2384,0.736842105263158
1016,1659,0.736842105263158
1122,2016,0.736842105263158
1132,1321,0.736842105263158
1145,2641,0.736842105263158
1229,2943,0.736842105263158
1314,2164,0.736842105263158
1342,3416,0.736842105263158
1373,3879,0.736842105263158
1434,2116,0.736842105263158
1469,2250,0.736842105263158
1722,3898,0.736842105263158
1777,3942,0.736842105263158
1804,1898,0.736842105263158
1808,3243,0.736842105263158
1874,3512,0.736842105263158
1911,2154,0.736842105263158
1916,2869,0.736842105263158
2089,2166,0.736842105263158
2195,3190,0.736842105263158
2226,2422,0.736842105263158
2226,3852,0.736842105263158
2271,3370,0.736842105263158
2312,2735,0.736842105263158
2316,2387,0.736842105263158
2346,2855,0.736842105263158
2349,3920,0.736842105263158
2364,3402,0.736842105263158
2525,2602,0.736842105263158
2603,3024,0.736842105263158
2646,3245,0.736842105263158
2857,3308,0.736842105263158
2916,3757,0.736842105263158
2930,2963,0.736842105263158
3339,3408,0.736842105263158
137,1205,0.7391304347826086
194,3812,0.7391304347826086
202,413,0.7391304347826086
210,871,0.7391304347826086
212,1585,0.7391304347826086
226,276,0.7391304347826086
239,958,0.7391304347826086
257,2538,0.7391304347826086
321,799,0.7391304347826086
430,1166,0.7391304347826086
468,2345,0.7391304347826086
555,2762,0.7391304347826086
816,3198,0.7391304347826086
1112,3027,0.7391304347826086
1190,3506,0.7391304347826086
1330,2745,0.7391304347826086
1348,1557,0.7391304347826086
1363,2643,0.7391304347826086
1368,3376,0.7391304347826086
1431,3222,0.7391304347826086
1611,2025,0.7391304347826086
1750,3514,0.7391304347826086
2120,3645,0.7391304347826086
2211,2600,0.7391304347826086
2362,2535,0.7391304347826086
2772,2908,0.7391304347826086
2791,2836,0.7391304347826086
3066,3508,0.7391304347826086
3328,3449,0.7391304347826086
3680,3837,0.7391304347826086
645,1388,0.7407407407407407
657,1166,0.7407407407407407
853,1278,0.7407407407407407
1685,3440,0.7407407407407407
1798,2109,0.7407407407407407
2169,3378,0.7407407407407407
2200,2575,0.7407407407407407
2385,3335,0.7407407407407407
19,2685,0.7419354838709677
371,2293,0.7419354838709677
1120,1798,0.7419354838709677
1504,1621,0.7419354838709677
2158,2605,0.7419354838709677
570,631,0.7428571428571429
10,3232,0.75
23,686,0.75
28,993,0.75
31,785,0.75
33,3297,0.75
35,2399,0.75
37,886,0.75
38,3927,0.75
50,3600,0.75
52,2622,0.75
65,571,0.75
67,3052,0.75
73,1444,0.75
74,3083,0.75
87,2664,0.75
110,3205,0.75
112,1586,0.75
131,590,0.75
146,1618,0.75
149,3708,0.75
152,594,0.75
152,3747,0.75
157,319,0.75
170,2783,0.75
177,3942,0.75
183,803,0.75
183,1270,0.75
183,1500,0.75
183,1646,0.75
183,1928,0.75
183,3149,0.75
184,1998,0.75
185,2952,0.75
189,3113,0.75
189,3272,0.75
193,2477,0.75
198,1675,0.75
207,585,0.75
208,1381,0.75
216,645,0.75
220,325,0.75
220,2198,0.75
220,3783,0.75
223,1875,0.75
224,357,0.75
236,3172,0.75
243,1224,0.75
243,2042,0.75
244,2124,0.75
253,376,0.75
254,2523,0.75
264,2182,0.75
270,1372,0.75
277,839,0.75
279,1260,0.75
303,651,0.75
306,1223,0.75
307,1020,0.75
308,1675,0.75
310,3649,0.75
312,1787,0.75
317,3559,0.75
324,1485,0.75
330,1866,0.75
333,2572,0.75
338,2968,0.75
340,2553,0.75
343,2218,0.75
348,448,0.75
359,3932,0.75
370,3580,0.75
377,1582,0.75
383,2902,0.75
392,1124,0.75
398,873,0.75
416,1986,0.75
423,1864,0.75
425,2604,0.75
430,1430,0.75
431,2684,0.75
433,1381,0.75
445,1423,0.75
452,805,0.75
455,3004,0.75
467,643,0.75
471,2632,0.75
472,1262,0.75
472,1794,0.75
476,1614,0.75
479,1677,0.75
489,2756,0.75
489,3951,0.75
499,792,0.75
499,1453,0.75
500,1165,0.75
502,1920,0.75
520,3437,0.75
523,825,0.75
542,980,0.75
546,636,0.75
568,1292,0.75
570,1824,0.75
583,833,0.75
596,1121,0.75
596,2535,0.75
597,2782,0.75
601,2217,0.75
602,2756,0.75
606,2590,0.75
607,804,0.75
610,2072,0.75
610,3035,0.75
614,2661,0.75
614,3315,0.75
622,1235,0.75
629,2423,0.75
646,3405,0.75
660,2806,0.75
664,3558,0.75
667,2247,0.75
670,682,0.75
670,2651,0.75
671,2164,0.75
674,1310,0.75
685,2039,0.75
685,3539,0.75
694,3353,0.75
703,3129,0.75
705,2702,0.75
723,3656,0.75
728,2816,0.75
730,2473,0.75
746,1407,0.75
750,2907,0.75
757,1117,0.75
771,791,0.75
771,2171,0.75
777,2003,0.75
778,1307,0.75
779,2986,0.75
800,2300,0.75
810,2618,0.75
812,2974,0.75
824,2540,0.75
839,2630,0.75
856,1198,0.75
857,2281,0.75
858,863,0.75
863,961,0.75
889,3307,0.75
892,2008,0.75
895,3479,0.75
898,2653,0.75
902,969,0.75
902,3954,0.75
903,2416,0.75
911,2922,0.75
915,1275,0.75
920,2775,0.75
962,2516,0.75
963,1314,0.75
969,1581,0.75
970,1021,0.75
971,2496,0.75
983,3672,0.75
1020,1130,0.75
1020,1454,0.75
1020,2650,0.75
1027,1899,0.75
1031,3111,0.75
1038,1611,0.75
1049,1187,0.75
1050,2888,0.75
1055,2815,0.75
1057,1134,0.75
1058,2210,0.75
1059,2324,0.75
1060,2258,0.75
1064,1589,0.75
1065,2106,0.75
1069,2761,0.75
1072,1757,0.75
1077,2626,0.75
1084,3702,0.75
1100,3161,0.75
1103,2218,0.75
1126,2237,0.75
1147,3828,0.75
1157,2472,0.75
1161,3139,0.75
1163,2244,0.75
1166,2206,0.75
1171,3189,0.75
1173,2144,0.75
1181,2284,0.75
1194,1797,0.75
1195,2092,0.75
1208,2698,0.75
1210,2567,0.75
1216,1566,0.75
1232,3198,0.75
1234,1948,0.75
1234,2558,0.75
1235,3925,0.75
1242,2983,0.75
1261,2745,0.75
1267,3294,0.75
1268,3316,0.75
1280,3172,0.75
1281,3706,0.75
1282,2871,0.75
1299,1761,0.75
1303,3408,0.75
1326,1915,0.75
1354,2804,0.75
1356,1924,0.75
1365,3628,0.75
1383,3261,0.75
1397,2401,0.75
1398,3823,0.75
1399,3396,0.75
1401,2418,0.75
1419,2989,0.75
1437,3314,0.75
1446,3321,0.75
1470,2128,0.75
1472,2671,0.75
1474,1726,0.75
1474,3417,0.75
1479,3787,0.75
1484,2820,0.75
1502,2093,0.75
1546,2005,0.75
1554,2544,0.75
1560,2500,0.75
1586,2623,0.75
1609,1684,0.75
1612,3285,0.75
1620,1622,0.75
1637,2962,0.75
1649,3031,0.75
1649,3082,0.75
1649,3518,0.75
1652,1854,0.75
1659,3837,0.75
1676,1913,0.75
1684,1792,0.75
1687,2309,0.75
1688,2614,0.75
1696,2527,0.75
1698,2688,0.75
1735,1775,0.75
1744,3600,0.75
1752,2923,0.75
1774,1978,0.75
1785,2593,0.75
1793,3124,0.75
1794,2193,0.75
1804,2256,0.75
1806,1828,0.75
1828,3012,0.75
1844,2177,0.75
1847,3034,0.75
1876,3386,0.75
1880,1953,0.75
1893,3011,0.75
1901,3111,0.75
1935,3405,0.75
1950,3812,0.75
1963,2982,0.75
1979,1983,0.75
1982,2774,0.75
2014,2722,0.75
2031,3815,0.75
2044,2498,0.75
2053,2603,0.75
2072,2553,0.75
2072,3484,0.75
2170,2635,0.75
2170,2648,0.75
2207,2300,0.75
2225,3721,0.75
2237,3638,0.75
2240,3114,0.75
2241,3564,0.75
2250,3883,0.75
2282,2719,0.75
2289,3341,0.75
2292,2372,0.75
2314,2657,0.75
2324,3899,0.75
2328,3277,0.75
2340,3432,0.75
2355,3229,0.75
2358,3664,0.75
2363,3781,0.75
2376,3764,0.75
2394,3656,0.75
2438,2848,0.75
2446,2915,0.75
2490,3533,0.75
2569,3223,0.75
2579,3028,0.75
2587,3948,0.75
2590,2680,0.75
2594,3000,0.75
2609,3895,0.75
2610,3330,0.75
2613,2971,0.75
2620,2761,0.75
2622,2635,0.75
2631,3569,0.75
2639,3342,0.75
2639,3612,0.75
2680,2920,0.75
2706,3640,0.75
2727,3948,0.75
2729,3414,0.75
2746,3674,0.75
2749,3182,0.75
2777,3446,0.75
2814,3484,0.75
2819,3212,0.75
2834,3329,0.75
2837,2920,0.75
2859,3929,0.75
2877,3916,0.75
2895,3321,0.75
2895,3417,0.75
2896,3344,0.75
2923,3729,0.75
3018,3160,0.75
3055,3933,0.75
3066,3290,0.75
3088,3754,0.75
3156,3424,0.75
3233,3685,0.75
3237,3967,0.75
3268,3800,0.75
3317,3485,0.75
3390,3505,0.75
3420,3954,0.75
3459,3753,0.75
3476,3507,0.75
3513,3608,0.75
3607,3729,0.75
3694,3769,0.75
164,2900,0.7575757575757576
173,3603,0.7575757575757576
380,1936,0.7586206896551724
838,2581,0.7586206896551724
961,2104,0.7586206896551724
1309,2827,0.7586206896551724
1516,3275,0.7586206896551724
2639,3478,0.7586206896551724
17,3043,0.76
142,1156,0.76
157,2642,0.76
167,2057,0.76
226,1244,0.76
240,1636,0.76
366,1363,0.76
413,2589,0.76
511,3284,0.76
778,1367,0.76
846,1662,0.76
939,2594,0.76
956,1023,0.76
976,2745,0.76
1023,1135,0.76
1062,3594,0.76
1190,2347,0.76
1206,3620,0.76
1314,1600,0.76
1345,2360,0.76
1537,2638,0.76
1606,2058,0.76
1865,3756,0.76
2037,2158,0.76
2133,2639,0.76
2557,3475,0.76
2840,3383,0.76
2964,3214,0.76
21,1184,0.7619047619047619
46,878,0.7619047619047619
47,283,0.7619047619047619
67,3005,0.7619047619047619
68,3744,0.7619047619047619
71,381,0.7619047619047619
95,774,0.7619047619047619
167,1604,0.7619047619047619
180,2077,0.7619047619047619
192,1881,0.7619047619047619
293,605,0.7619047619047619
300,3585,0.7619047619047619
337,1763,0.7619047619047619
337,3506,0.7619047619047619
429,822,0.7619047619047619
437,1622,0.7619047619047619
511,1089,0.7619047619047619
560,1694,0.7619047619047619
582,2496,0.7619047619047619
603,1499,0.7619047619047619
617,1920,0.7619047619047619
671,2130,0.7619047619047619
687,2586,0.7619047619047619
712,1739,0.7619047619047619
752,3573,0.7619047619047619
773,2219,0.7619047619047619
819,1973,0.7619047619047619
848,3430,0.7619047619047619
1043,1724,0.7619047619047619
1090,1266,0.7619047619047619
1232,3565,0.7619047619047619
1250,2566,0.7619047619047619
1355,3792,0.7619047619047619
1433,2314,0.7619047619047619
1529,3565,0.7619047619047619
1696,2594,0.7619047619047619
1812,2842,0.7619047619047619
1839,1860,0.7619047619047619
1864,3000,0.7619047619047619
1907,2180,0.7619047619047619
2041,3844,0.7619047619047619
2098,2235,0.7619047619047619
2139,2625,0.7619047619047619
2196,3750,0.7619047619047619
2347,3126,0.7619047619047619
2360,3268,0.7619047619047619
2484,2930,0.7619047619047619
2555,2810,0.7619047619047619
2591,3556,0.7619047619047619
2599,2631,0.7619047619047619
2663,3739,0.7619047619047619
2696,3843,0.7619047619047619
2768,2931,0.7619047619047619
2868,3905,0.7619047619047619
2999,3371,0.7619047619047619
3016,3732,0.7619047619047619
3112,3166,0.7619047619047619
3215,3872,0.7619047619047619
3358,3966,0.7619047619047619
3450,3795,0.7619047619047619
3616,3655,0.7619047619047619
598,3281,0.7631578947368421
61,480,0.7647058823529411
67,797,0.7647058823529411
97,3540,0.7647058823529411
169,3126,0.7647058823529411
174,482,0.7647058823529411
176,272,0.7647058823529411
223,964,0.7647058823529411
242,1364,0.7647058823529411
246,1273,0.7647058823529411
269,3903,0.7647058823529411
280,3581,0.7647058823529411
282,1219,0.7647058823529411
348,1425,0.7647058823529411
362,2469,0.7647058823529411
404,1301,0.7647058823529411
431,1038,0.7647058823529411
435,2562,0.7647058823529411
458,3736,0.7647058823529411
473,714,0.7647058823529411
485,3037,0.7647058823529411
488,1722,0.7647058823529411
492,1148,0.7647058823529411
517,995,0.7647058823529411
630,3298,0.7647058823529411
647,1299,0.7647058823529411
664,1338,0.7647058823529411
669,3933,0.7647058823529411
677,1576,0.7647058823529411
679,3241,0.7647058823529411
704,982,0.7647058823529411
770,1458,0.7647058823529411
782,1018,0.7647058823529411
842,2825,0.7647058823529411
860,3609,0.7647058823529411
871,1231,0.7647058823529411
880,2078,0.7647058823529411
921,2160,0.7647058823529411
933,3054,0.7647058823529411
959,1116,0.7647058823529411
962,2153,0.7647058823529411
972,2707,0.7647058823529411
991,3660,0.7647058823529411
1017,1248,0.7647058823529411
1028,3605,0.7647058823529411
1132,1212,0.7647058823529411
1149,1734,0.7647058823529411
1221,3657,0.7647058823529411
1258,2126,0.7647058823529411
1346,3873,0.7647058823529411
1379,2236,0.7647058823529411
1382,2588,0.7647058823529411
1391,2257,0.7647058823529411
1498,3296,0.7647058823529411
1498,3505,0.7647058823529411
1617,2799,0.7647058823529411
1653,2109,0.7647058823529411
1663,2416,0.7647058823529411
1670,3846,0.7647058823529411
1680,2314,0.7647058823529411
1686,3779,0.7647058823529411
1699,3340,0.7647058823529411
1941,2913,0.7647058823529411
2000,2784,0.7647058823529411
2063,2288,0.7647058823529411
2115,2919,0.7647058823529411
2170,2893,0.7647058823529411
2307,3868,0.7647058823529411
2433,2984,0.7647058823529411
2475,2603,0.7647058823529411
2675,3849,0.7647058823529411
2815,3072,0.7647058823529411
2830,3143,0.7647058823529411
2866,3308,0.7647058823529411
2912,3740,0.7647058823529411
3073,3802,0.7647058823529411
3104,3517,0.7647058823529411
3285,3690,0.7647058823529411
938,1146,0.7666666666666666
1319,1561,0.7666666666666666
1486,1925,0.7666666666666666
1813,2598,0.7666666666666666
27,3250,0.7692307692307692
44,98,0.7692307692307692
45,984,0.7692307692307692
91,2155,0.7692307692307692
91,2759,0.7692307692307692
104,2680,0.7692307692307692
111,3098,0.7692307692307692
118,3383,0.7692307692307692
122,3564,0.7692307692307692
134,1236,0.7692307692307692
138,2171,0.7692307692307692
140,1334,0.7692307692307692
146,1465,0.7692307692307692
161,411,0.7692307692307692
167,979,0.7692307692307692
201,3045,0.7692307692307692
246,833,0.7692307692307692
280,1405,0.7692307692307692
335,3106,0.7692307692307692
354,2300,0.7692307692307692
360,2406,0.7692307692307692
362,595,0.7692307692307692
383,1476,0.7692307692307692
388,2447,0.7692307692307692
399,1526,0.7692307692307692
445,3270,0.7692307692307692
486,3665,0.7692307692307692
492,3628,0.7692307692307692
542,2077,0.7692307692307692
546,3961,0.7692307692307692
673,2839,0.7692307692307692
680,2623,0.7692307692307692
696,2976,0.7692307692307692
731,922,0.7692307692307692
736,3361,0.7692307692307692
755,1263,0.7692307692307692
804,2683,0.7692307692307692
814,2949,0.7692307692307692
821,3144,0.7692307692307692
833,2832,0.7692307692307692
855,3875,0.7692307692307692
922,1214,0.7692307692307692
931,1552,0.7692307692307692
994,1590,0.7692307692307692
994,2288,0.7692307692307692
1003,3835,0.7692307692307692
1018,2334,0.7692307692307692
1036,2979,0.7692307692307692
1052,2677,0.7692307692307692
1100,3866,0.7692307692307692
1141,1204,0.7692307692307692
1142,1683,0.7692307692307692
1171,2377,0.7692307692307692
1226,1527,0.7692307692307692
1299,1439,0.7692307692307692
1326,2843,0.7692307692307692
1390,3356,0.7692307692307692
1432,2958,0.7692307692307692
1442,3851,0.7692307692307692
1466,2099,0.7692307692307692
1467,3531,0.7692307692307692
1535,3287,0.7692307692307692
1538,1991,0.7692307692307692
1551,3001,0.7692307692307692
1551,3885,0.7692307692307692
1567,3269,0.7692307692307692
1620,2279,0.7692307692307692
1623,1838,0.7692307692307692
1665,2981,0.7692307692307692
1686,3528,0.7692307692307692
1749,2136,0.7692307692307692
1873,2628,0.7692307692307692
1895,2850,0.7692307692307692
1922,2574,0.7692307692307692
1927,3223,0.7692307692307692
1933,2826,0.7692307692307692
1958,2568,0.7692307692307692
1971,3330,0.7692307692307692
2001,3371,0.7692307692307692
2078,2168,0.7692307692307692
2098,3007,0.7692307692307692
2141,3317,0.7692307692307692
2158,3521,0.7692307692307692
2224,3350,0.7692307692307692
2247,3972,0.7692307692307692
2288,2604,0.7692307692307692
2288,3474,0.7692307692307692
2300,2547,0.7692307692307692
2369,3709,0.7692307692307692
2436,2990,0.7692307692307692
2497,3255,0.7692307692307692
2571,3960,0.7692307692307692
2698,3762,0.7692307692307692
2903,3385,0.7692307692307692
2937,3600,0.7692307692307692
2966,3391,0.7692307692307692
2969,3547,0.7692307692307692
3124,3903,0.7692307692307692
3141,3426,0.7692307692307692
3274,3467,0.7692307692307692
3312,3498,0.7692307692307692
3373,3665,0.7692307692307692
843,1768,0.7714285714285715
1412,2900,0.7714285714285715
26,1340,0.7727272727272727
40,217,0.7727272727272727
70,2458,0.7727272727272727
100,1110,0.7727272727272727
124,3665,0.7727272727272727
154,2655,0.7727272727272727
301,1241,0.7727272727272727
302,3137,0.7727272727272727
421,1605,0.7727272727272727
477,1094,0.7727272727272727
545,2736,0.7727272727272727
633,3940,0.7727272727272727
641,1656,0.7727272727272727
668,3800,0.7727272727272727
727,829,0.7727272727272727
737,1314,0.7727272727272727
866,3138,0.7727272727272727
880,2319,0.7727272727272727
946,3102,0.7727272727272727
963,3524,0.7727272727272727
1064,3745,0.7727272727272727
1445,1826,0.7727272727272727
1614,1781,0.7727272727272727
1730,3162,0.7727272727272727
1742,2224,0.7727272727272727
1746,2331,0.7727272727272727
1826,2137,0.7727272727272727
1974,3156,0.7727272727272727
2199,3302,0.7727272727272727
2287,2471,0.7727272727272727
2358,2803,0.7727272727272727
2594,3827,0.7727272727272727
2747,3701,0.7727272727272727
2901,3530,0.7727272727272727
292,2749,0.7741935483870968
2581,2785,0.7741935483870968
2589,3373,0.7741935483870968
2639,3368,0.7741935483870968
3790,3814,0.7741935483870968
6,2428,0.7777777777777778
48,3286,0.7777777777777778
79,1562,0.7777777777777778
83,3659,0.7777777777777778
89,2739,0.7777777777777778
105,2900,0.7777777777777778
109,1682,0.7777777777777778
111,3921,0.7777777777777778
139,1151,0.7777777777777778
139,3105,0.7777777777777778
170,1329,0.7777777777777778
170,1362,0.7777777777777778
172,3626,0.7777777777777778
173,3188,0.7777777777777778
204,1484,0.7777777777777778
204,1538,0.7777777777777778
205,1185,0.7777777777777778
206,2299,0.7777777777777778
211,2723,0.7777777777777778
211,3870,0.7777777777777778
223,2203,0.7777777777777778
223,3238,0.7777777777777778
251,1234,0.7777777777777778
266,3148,0.7777777777777778
274,1274,0.7777777777777778
317,2096,0.7777777777777778
375,3867,0.7777777777777778
376,2715,0.7777777777777778
386,3783,0.7777777777777778
395,2572,0.7777777777777778
407,2461,0.7777777777777778
413,751,0.7777777777777778
420,2507,0.7777777777777778
447,3689,0.7777777777777778
459,670,0.7777777777777778
489,2339,0.7777777777777778
507,1341,0.7777777777777778
512,2088,0.7777777777777778
522,926,0.7777777777777778
531,937,0.7777777777777778
549,3152,0.7777777777777778
560,1032,0.7777777777777778
573,2864,0.7777777777777778
575,1564,0.7777777777777778
602,3466,0.7777777777777778
608,1944,0.7777777777777778
608,3836,0.7777777777777778
620,1817,0.7777777777777778
655,3767,0.7777777777777778
670,3545,0.7777777777777778
688,1645,0.7777777777777778
769,2533,0.7777777777777778
772,1242,0.7777777777777778
789,1300,0.7777777777777778
789,3727,0.7777777777777778
823,2211,0.7777777777777778
835,1139,0.7777777777777778
841,3428,0.7777777777777778
865,1700,0.7777777777777778
870,1814,0.7777777777777778
877,3237,0.7777777777777778
881,1905,0.7777777777777778
885,1142,0.7777777777777778
900,3795,0.7777777777777778
910,2366,0.7777777777777778
931,3846,0.7777777777777778
932,1867,0.7777777777777778
941,3186,0.7777777777777778
1010,1185,0.7777777777777778
1019,2636,0.7777777777777778
1021,1920,0.7777777777777778
1034,3091,0.7777777777777778
1035,1198,0.7777777777777778
1045,2801,0.7777777777777778
1046,2208,0.7777777777777778
1064,2644,0.7777777777777778
1099,2826,0.7777777777777778
1113,1779,0.7777777777777778
1117,1583,0.7777777777777778
1117,3937,0.7777777777777778
1122,3708,0.7777777777777778
1138,1757,0.7777777777777778
1169,2919,0.7777777777777778
1175,3475,0.7777777777777778
1185,1316,0.7777777777777778
1198,1323,0.7777777777777778
1223,2318,0.7777777777777778
1241,1891,0.7777777777777778
1250,3188,0.7777777777777778
1269,1424,0.7777777777777778
1282,1807,0.7777777777777778
1324,1459,0.7777777777777778
1386,2556,0.7777777777777778
1408,2793,0.7777777777777778
1409,3049,0.7777777777777778
1459,2560,0.7777777777777778
1522,2844,0.7777777777777778
1548,1622,0.7777777777777778
1583,3191,0.7777777777777778
1602,3771,0.7777777777777778
1609,3690,0.7777777777777778
1615,2958,0.7777777777777778
1615,3170,0.7777777777777778
1628,2127,0.7777777777777778
1635,2509,0.7777777777777778
1636,3422,0.7777777777777778
1670,3180,0.7777777777777778
1677,3084,0.7777777777777778
1758,3880,0.7777777777777778
1817,2329,0.7777777777777778
1870,3426,0.7777777777777778
1871,2983,0.7777777777777778
1940,3795,0.7777777777777778
1958,2095,0.7777777777777778
1989,2294,0.7777777777777778
2141,2254,0.7777777777777778
2148,3488,0.7777777777777778
2249,3917,0.7777777777777778
2265,2990,0.7777777777777778
2321,3531,0.7777777777777778
2439,2485,0.7777777777777778
2454,2613,0.7777777777777778
2541,3803,0.7777777777777778
2708,2820,0.7777777777777778
2805,3401,0.7777777777777778
2870,3649,0.7777777777777778
2894,3975,0.7777777777777778
3149,3276,0.7777777777777778
3159,3463,0.7777777777777778
3186,3229,0.7777777777777778
3206,3320,0.7777777777777778
3227,3382,0.7777777777777778
3311,3875,0.7777777777777778
3337,3665,0.7777777777777778
19,2462,0.78125
120,371,0.78125
383,3183,0.78125
1602,2131,0.78125
2440,2575,0.78125
100,332,0.782608695652174
152,2038,0.782608695652174
315,733,0.782608695652174
372,871,0.782608695652174
420,1191,0.782608695652174
460,808,0.782608695652174
543,681,0.782608695652174
548,1155,0.782608695652174
615,3359,0.782608695652174
642,1237,0.782608695652174
1067,3713,0.782608695652174
1074,2015,0.782608695652174
1110,3100,0.782608695652174
1161,3137,0.782608695652174
1549,3932,0.782608695652174
1571,2093,0.782608695652174
1671,2725,0.782608695652174
1805,2520,0.782608695652174
2056,2211,0.782608695652174
2146,3519,0.782608695652174
2629,3574,0.782608695652174
3313,3599,0.782608695652174
3321,3364,0.782608695652174
3353,3923,0.782608695652174
5,335,0.7857142857142857
16,2517,0.7857142857142857
32,2210,0.7857142857142857
35,701,0.7857142857142857
37,379,0.7857142857142857
91,2027,0.7857142857142857
106,2994,0.7857142857142857
146,382,0.7857142857142857
182,388,0.7857142857142857
220,1272,0.7857142857142857
220,1693,0.7857142857142857
221,2981,0.7857142857142857
227,1824,0.7857142857142857
298,3390,0.7857142857142857
307,3632,0.7857142857142857
343,2883,0.7857142857142857
344,1971,0.7857142857142857
394,3121,0.7857142857142857
399,1843,0.7857142857142857
419,793,0.7857142857142857
426,3418,0.7857142857142857
456,1022,0.7857142857142857
464,801,0.7857142857142857
510,3656,0.7857142857142857
550,904,0.7857142857142857
550,1427,0.7857142857142857
586,707,0.7857142857142857
650,1862,0.7857142857142857
673,2007,0.7857142857142857
694,3015,0.7857142857142857
755,3476,0.7857142857142857
781,3007,0.7857142857142857
790,2143,0.7857142857142857
934,2377,0.7857142857142857
973,2781,0.7857142857142857
978,2537,0.7857142857142857
1044,1830,0.7857142857142857
1204,1942,0.7857142857142857
1253,1710,0.7857142857142857
1354,2114,0.7857142857142857
1398,3726,0.7857142857142857
1438,3826,0.7857142857142857
1501,2250,0.7857142857142857
1575,1794,0.7857142857142857
1660,2737,0.7857142857142857
1707,2010,0.7857142857142857
1759,3906,0.7857142857142857
1833,1877,0.7857142857142857
1880,2739,0.7857142857142857
1936,2743,0.7857142857142857
1952,2113,0.7857142857142857
1961,2632,0.7857142857142857
1965,3522,0.7857142857142857
2030,2157,0.7857142857142857
2060,3470,0.7857142857142857
2091,3609,0.7857142857142857
2102,2624,0.7857142857142857
2247,2434,0.7857142857142857
2354,2595,0.7857142857142857
2367,3712,0.7857142857142857
2426,3312,0.7857142857142857
2518,3965,0.7857142857142857
2580,3586,0.7857142857142857
2633,3287,0.7857142857142857
2694,3836,0.7857142857142857
2714,3071,0.7857142857142857
2731,3758,0.7857142857142857
2923,3860,0.7857142857142857
3146,3330,0.7857142857142857
3168,3664,0.7857142857142857
3188,3413,0.7857142857142857
3224,3661,0.7857142857142857
3469,3696,0.7857142857142857
3711,3845,0.7857142857142857
3767,3768,0.7857142857142857
26,2245,0.7878787878787878
861,3773,0.7878787878787878
2427,2813,0.7878787878787878
84,1173,0.7894736842105263
105,1918,0.7894736842105263
150,3669,0.7894736842105263
229,3752,0.7894736842105263
241,484,0.7894736842105263
246,2357,0.7894736842105263
262,1560,0.7894736842105263
290,3696,0.7894736842105263
384,1304,0.7894736842105263
652,1693,0.7894736842105263
652,1796,0.7894736842105263
667,3719,0.7894736842105263
870,1416,0.7894736842105263
871,3526,0.7894736842105263
885,1463,0.7894736842105263
932,3897,0.7894736842105263
959,2216,0.7894736842105263
1006,2055,0.7894736842105263
1211,1973,0.7894736842105263
1229,1473,0.7894736842105263
1240,3946,0.7894736842105263
1363,3253,0.7894736842105263
1385,1443,0.7894736842105263
1446,1820,0.7894736842105263
1484,2047,0.7894736842105263
1487,2109,0.7894736842105263
1581,3646,0.7894736842105263
1644,2467,0.7894736842105263
1655,2607,0.7894736842105263
1731,3291,0.7894736842105263
1790,2676,0.7894736842105263
1951,3863,0.7894736842105263
1986,3625,0.7894736842105263
2289,2811,0.7894736842105263
2320,3056,0.7894736842105263
2353,3263,0.7894736842105263
2676,3842,0.7894736842105263
2778,3145,0.7894736842105263
2889,3569,0.7894736842105263
3047,3613,0.7894736842105263
3179,3248,0.7894736842105263
3242,3765,0.7894736842105263
3635,3778,0.7894736842105263
102,3012,0.7916666666666666
291,2043,0.7916666666666666
665,2164,0.7916666666666666
816,2291,0.7916666666666666
1161,3247,0.7916666666666666
1172,1691,0.7916666666666666
1445,2184,0.7916666666666666
1459,2652,0.7916666666666666
1710,2575,0.7916666666666666
1742,3563,0.7916666666666666
1831,3590,0.7916666666666666
1883,2353,0.7916666666666666
2280,2773,0.7916666666666666
2413,2641,0.7916666666666666
2512,3812,0.7916666666666666
2557,3574,0.7916666666666666
3505,3817,0.7916666666666666
3846,3973,0.7916666666666666
173,3886,0.7931034482758621
244,1257,0.7931034482758621
432,3861,0.7931034482758621
639,2709,0.7931034482758621
1241,3093,0.7931034482758621
1325,2614,0.7931034482758621
1553,3478,0.7931034482758621
1596,2025,0.7931034482758621
1914,3309,0.7931034482758621
164,884,0.7941176470588236
257,1070,0.7941176470588236
715,3877,0.7941176470588236
1168,3568,0.7941176470588236
1631,3779,0.7941176470588236
1914,3242,0.7941176470588236
2,496,0.8
6,440,0.8
22,666,0.8
28,2129,0.8
34,1435,0.8
36,971,0.8
50,3423,0.8
52,116,0.8
73,1744,0.8
75,2005,0.8
82,807,0.8
87,177,0.8
91,3002,0.8
94,377,0.8
96,2597,0.8
116,1411,0.8
117,2182,0.8
121,1969,0.8
129,3553,0.8
131,1046,0.8
150,2800,0.8
151,1078,0.8
166,3209,0.8
175,3152,0.8
181,2487,0.8
204,1080,0.8
213,1473,0.8
232,3023,0.8
237,3677,0.8
238,368,0.8
249,2564,0.8
260,3481,0.8
263,416,0.8
266,3588,0.8
268,3548,0.8
270,3395,0.8
284,1617,0.8
297,3562,0.8
298,986,0.8
329,1691,0.8
336,1622,0.8
349,1938,0.8
351,537,0.8
365,2020,0.8
397,2677,0.8
405,2940,0.8
430,1259,0.8
457,3955,0.8
489,3150,0.8
490,2786,0.8
492,1335,0.8
495,1684,0.8
508,801,0.8
518,3448,0.8
523,3774,0.8
545,1238,0.8
545,2950,0.8
564,977,0.8
566,1666,0.8
569,1996,0.8
673,3282,0.8
684,1648,0.8
688,1842,0.8
697,747,0.8
700,2708,0.8
720,1947,0.8
747,2290,0.8
768,1601,0.8
787,2552,0.8
788,1788,0.8
789,2449,0.8
790,1118,0.8
800,935,0.8
817,834,0.8
843,1513,0.8
847,3676,0.8
859,2603,0.8
863,3020,0.8
913,2248,0.8
922,2886,0.8
944,1069,0.8
948,3053,0.8
950,3610,0.8
984,3119,0.8
1013,1385,0.8
1018,1482,0.8
1033,3211,0.8
1033,3511,0.8
1049,3944,0.8
1071,3173,0.8
1086,3411,0.8
1088,1601,0.8
1124,2485,0.8
1131,1441,0.8
1139,2882,0.8
1140,1181,0.8
1163,1919,0.8
1172,3471,0.8
1176,1271,0.8
1187,2459,0.8
1244,1909,0.8
1251,2554,0.8
1252,3118,0.8
1305,2550,0.8
1358,2355,0.8
1384,3287,0.8
1402,3493,0.8
1415,2395,0.8
1451,3336,0.8
1467,1542,0.8
1480,3922,0.8
1526,3730,0.8
1549,3421,0.8
1633,2441,0.8
1682,2945,0.8
1739,2760,0.8
1754,3843,0.8
1767,2882,0.8
1778,3910,0.8
1802,3114,0.8
1811,3947,0.8
1838,3484,0.8
1844,3085,0.8
1919,2350,0.8
1923,2215,0.8
1943,1999,0.8
1956,2148,0.8
1973,2201,0.8
1976,2585,0.8
2022,3569,0.8
2051,3375,0.8
2068,2790,0.8
2123,2160,0.8
2132,3470,0.8
2237,3797,0.8
2242,3731,0.8
2306,3528,0.8
2340,3304,0.8
2390,3086,0.8
2409,3325,0.8
2446,2929,0.8
2463,2597,0.8
2582,3053,0.8
2633,3561,0.8
2704,3099,0.8
2705,3232,0.8
2732,3695,0.8
2748,3888,0.8
2770,3591,0.8
2775,3516,0.8
2784,3144,0.8
2808,3132,0.8
2840,2911,0.8
2894,2961,0.8
2921,3915,0.8
3034,3269,0.8
3334,3544,0.8
3493,3929,0.8
3535,3661,0.8
3565,3934,0.8
3827,3862,0.8
2366,3164,0.8048780487804879
198,1706,0.8064516129032258
363,870,0.8064516129032258
1063,2188,0.8064516129032258
1631,2846,0.8064516129032258
3152,3388,0.8064516129032258
48,1095,0.8076923076923077
169,3464,0.8076923076923077
255,909,0.8076923076923077
307,2135,0.8076923076923077
368,3874,0.8076923076923077
380,2085,0.8076923076923077
637,1359,0.8076923076923077
716,2041,0.8076923076923077
767,1714,0.8076923076923077
1553,3030,0.8076923076923077
1597,2401,0.8076923076923077
1893,3567,0.8076923076923077
2400,2787,0.8076923076923077
2860,3775,0.8076923076923077
37,2970,0.8095238095238095
97,874,0.8095238095238095
152,1288,0.8095238095238095
169,3679,0.8095238095238095
207,2820,0.8095238095238095
235,2761,0.8095238095238095
563,2958,0.8095238095238095
579,2146,0.8095238095238095
641,1312,0.8095238095238095
791,2032,0.8095238095238095
837,2690,0.8095238095238095
881,3785,0.8095238095238095
902,1512,0.8095238095238095
1014,1854,0.8095238095238095
1017,2222,0.8095238095238095
1137,3370,0.8095238095238095
1254,2970,0.8095238095238095
1890,2537,0.8095238095238095
2033,2878,0.8095238095238095
2238,2997,0.8095238095238095
2387,3737,0.8095238095238095
2461,3130,0.8095238095238095
2567,3259,0.8095238095238095
3293,3680,0.8095238095238095
27,2767,0.8125
34,2397,0.8125
223,1954,0.8125
304,2876,0.8125
434,2755,0.8125
612,1913,0.8125
661,707,0.8125
732,924,0.8125
850,1090,0.8125
936,3623,0.8125
947,3859,0.8125
984,2887,0.8125
998,2891,0.8125
1012,1608,0.8125
1024,1603,0.8125
1052,3699,0.8125
1074,1129,0.8125
1179,1513,0.8125
1276,3550,0.8125
1277,2442,0.8125
1392,1673,0.8125
1555,2069,0.8125
1591,3059,0.8125
1651,2149,0.8125
1842,2794,0.8125
1947,2797,0.8125
2100,3935,0.8125
2127,3238,0.8125
2163,3188,0.8125
2505,3240,0.8125
2757,2876,0.8125
2874,3766,0.8125
2975,3385,0.8125
2988,3685,0.8125
3235,3398,0.8125
3682,3779,0.8125
391,3895,0.8148148148148149
745,2481,0.8148148148148149
1180,2061,0.8148148148148149
1491,2991,0.8148148148148149
2768,3915,0.8148148148148149
3278,3908,0.8163265306122449
10,1393,0.8181818181818181
32,3697,0.8181818181818181
51,366,0.8181818181818181
88,926,0.8181818181818181
145,1876,0.8181818181818181
150,1756,0.8181818181818181
289,2959,0.8181818181818181
390,504,0.8181818181818181
449,944,0.8181818181818181
459,3848,0.8181818181818181
489,3136,0.8181818181818181
503,1188,0.8181818181818181
519,1305,0.8181818181818181
590,879,0.8181818181818181
602,1056,0.8181818181818181
740,2755,0.8181818181818181
905,1926,0.8181818181818181
918,2793,0.8181818181818181
968,1809,0.8181818181818181
1010,3123,0.8181818181818181
1020,1200,0.8181818181818181
1082,3614,0.8181818181818181
1144,3279,0.8181818181818181
1211,3643,0.8181818181818181
1385,3486,0.8181818181818181
1437,2754,0.8181818181818181
1467,1771,0.8181818181818181
1497,2588,0.8181818181818181
1589,1783,0.8181818181818181
1599,3494,0.8181818181818181
1711,2239,0.8181818181818181
1740,2860,0.8181818181818181
1766,3232,0.8181818181818181
1827,2808,0.8181818181818181
1876,2713,0.8181818181818181
1876,3796,0.8181818181818181
2066,2705,0.8181818181818181
2233,3090,0.8181818181818181
2248,3549,0.8181818181818181
2370,3846,0.8181818181818181
2505,2703,0.8181818181818181
2676,3483,0.8181818181818181
3029,3656,0.8181818181818181
3703,3715,0.8181818181818181
3848,3893,0.8181818181818181
80,1359,0.8214285714285714
1076,2183,0.8214285714285714
1149,1179,0.8214285714285714
1375,2481,0.8214285714285714
1936,3502,0.8214285714285714
2427,3439,0.8214285714285714
148,2095,0.8235294117647058
262,305,0.8235294117647058
271,2494,0.8235294117647058
374,1568,0.8235294117647058
491,3376,0.8235294117647058
741,2828,0.8235294117647058
1158,1641,0.8235294117647058
1189,1944,0.8235294117647058
1442,3902,0.8235294117647058
1464,3928,0.8235294117647058
1842,2368,0.8235294117647058
2060,2183,0.8235294117647058
2823,3237,0.8235294117647058
3226,3560,0.8235294117647058
580,3220,0.8260869565217391
1174,1363,0.8260869565217391
1324,2156,0.8260869565217391
1693,3256,0.8260869565217391
2373,3158,0.8260869565217391
59,2481,0.8275862068965517
147,532,0.8275862068965517
368,2161,0.8275862068965517
1319,2359,0.8275862068965517
1591,3515,0.8275862068965517
971,2835,0.8285714285714285
6,908,0.8333333333333334
7,2604,0.8333333333333334
11,3963,0.8333333333333334
29,683,0.8333333333333334
52,3265,0.8333333333333334
81,115,0.8333333333333334
188,2828,0.8333333333333334
217,1900,0.8333333333333334
232,1320,0.8333333333333334
250,369,0.8333333333333334
297,678,0.8333333333333334
389,410,0.8333333333333334
423,3876,0.8333333333333334
441,840,0.8333333333333334
446,1126,0.8333333333333334
470,1229,0.8333333333333334
514,2352,0.8333333333333334
540,3320,0.8333333333333334
541,744,0.8333333333333334
574,1987,0.8333333333333334
581,2020,0.8333333333333334
606,3741,0.8333333333333334
625,3135,0.8333333333333334
655,1861,0.8333333333333334
662,2483,0.8333333333333334
693,1223,0.8333333333333334
698,1487,0.8333333333333334
732,1556,0.8333333333333334
754,1762,0.8333333333333334
844,1545,0.8333333333333334
844,3709,0.8333333333333334
882,3396,0.8333333333333334
936,2212,0.8333333333333334
944,2084,0.8333333333333334
1056,2269,0.8333333333333334
1096,3857,0.8333333333333334
1102,3636,0.8333333333333334
1123,3471,0.8333333333333334
1123,3859,0.8333333333333334
1188,2234,0.8333333333333334
1223,2448,0.8333333333333334
1226,2046,0.8333333333333334
1341,2070,0.8333333333333334
1344,2305,0.8333333333333334
1423,3457,0.8333333333333334
1625,1643,0.8333333333333334
1784,3192,0.8333333333333334
1843,3941,0.8333333333333334
1908,2403,0.8333333333333334
1949,3441,0.8333333333333334
1989,3472,0.8333333333333334
2421,2856,0.8333333333333334
2491,2762,0.8333333333333334
2952,3204,0.8333333333333334
3118,3832,0.8333333333333334
3269,3527,0.8333333333333334
3271,3557,0.8333333333333334
3296,3480,0.8333333333333334
3352,3609,0.8333333333333334
3450,3853,0.8333333333333334
3476,3834,0.8333333333333334
1727,3170,0.8387096774193549
107,1854,0.84
293,2191,0.84
2293,2451,0.84
3475,3809,0.84
107,1290,0.8421052631578947
184,1782,0.8421052631578947
228,433,0.8421052631578947
231,422,0.8421052631578947
667,2392,0.8421052631578947
815,2192,0.8421052631578947
917,1642,0.8421052631578947
974,2752,0.8421052631578947
1721,1832,0.8421052631578947
2902,3062,0.8421052631578947
2958,3615,0.8421052631578947
126,2286,0.84375
296,3508,0.84375
153,2656,0.8461538461538461
224,2672,0.8461538461538461
361,2720,0.8461538461538461
365,3878,0.8461538461538461
452,3244,0.8461538461538461
516,3134,0.8461538461538461
644,1570,0.8461538461538461
734,1422,0.8461538461538461
888,3602,0.8461538461538461
890,3840,0.8461538461538461
906,1889,0.8461538461538461
919,2255,0.8461538461538461
919,3332,0.8461538461538461
963,1895,0.8461538461538461
1170,1943,0.8461538461538461
1384,1668,0.8461538461538461
1420,2607,0.8461538461538461
1494,1593,0.8461538461538461
1708,1737,0.8461538461538461
1910,2645,0.8461538461538461
2059,3235,0.8461538461538461
2081,3908,0.8461538461538461
2140,2489,0.8461538461538461
2669,3443,0.8461538461538461
2744,3398,0.8461538461538461
2934,3241,0.8461538461538461
319,2953,0.85
1220,2246,0.85
1241,3022,0.85
1580,3670,0.85
2545,3058,0.85
3122,3961,0.85
1336,3170,0.8518518518518519
1849,3830,0.8518518518518519
24,2845,0.8571428571428572
49,360,0.8571428571428572
57,76,0.8571428571428572
60,303,0.8571428571428572
60,3619,0.8571428571428572
90,586,0.8571428571428572
125,3663,0.8571428571428572
158,183,0.8571428571428572
294,3577,0.8571428571428572
318,1977,0.8571428571428572
403,1242,0.8571428571428572
403,3301,0.8571428571428572
616,3153,0.8571428571428572
839,3445,0.8571428571428572
886,1417,0.8571428571428572
984,1791,0.8571428571428572
1284,1341,0.8571428571428572
1302,1794,0.8571428571428572
1598,1904,0.8571428571428572
1713,3638,0.8571428571428572
2181,2442,0.8571428571428572
2404,3545,0.8571428571428572
2429,3149,0.8571428571428572
2705,3587,0.8571428571428572
2938,3684,0.8571428571428572
3499,3638,0.8571428571428572
200,1700,0.8636363636363636
322,2693,0.8636363636363636
1122,3057,0.8636363636363636
209,1165,0.8666666666666667
450,3558,0.8666666666666667
600,1331,0.8666666666666667
1203,2160,0.8666666666666667
1326,3451,0.8666666666666667
1658,3436,0.8666666666666667
1772,2468,0.8666666666666667
1822,3628,0.8666666666666667
2811,3761,0.8666666666666667
123,3619,0.875
367,1452,0.875
444,3870,0.875
610,3667,0.875
795,1495,0.875
953,1086,0.875
1081,1943,0.875
1127,1574,0.875
1144,3193,0.875
1213,1853,0.875
1654,3938,0.875
2140,2954,0.875
2697,3195,0.8823529411764706
60,1755,0.8888888888888888
76,3579,0.8888888888888888
303,1233,0.8888888888888888
765,1637,0.8888888888888888
2578,2732,0.8888888888888888
2726,3034,0.8888888888888888
906,1313,0.9
1188,3207,0.9
2154,3323,0.9
