334,2676,0.0
961,3615,0.0
1652,2760,0.0
1783,2862,0.0
2353,3927,0.0
575,1434,0.16666666666666663
927,3959,0.16666666666666663
2189,3959,0.16666666666666663
359,515,0.19999999999999996
911,1306,0.19999999999999996
677,3451,0.2142857142857143
1714,2622,0.25
3827,3857,0.25
194,3624,0.2857142857142857
328,3042,0.2857142857142857
709,2906,0.2857142857142857
2609,3884,0.2857142857142857
2462,3083,0.30000000000000004
194,2734,0.33333333333333337
474,837,0.33333333333333337
490,1973,0.33333333333333337
1009,2579,0.33333333333333337
1091,2267,0.33333333333333337
1306,2609,0.33333333333333337
1451,1828,0.33333333333333337
1665,2226,0.33333333333333337
1727,2891,0.33333333333333337
1830,2643,0.33333333333333337
2484,3762,0.33333333333333337
2336,2685,0.3529411764705882
841,2655,0.36363636363636365
877,1106,0.36363636363636365
1273,3533,0.375
1451,1571,0.375
2336,2814,0.375
2609,2860,0.375
3498,3959,0.375
282,2257,0.3846153846153846
998,2807,0.3846153846153846
195,3205,0.4
515,3634,0.4
535,2191,0.4
652,3042,0.4
711,3042,0.4
826,2893,0.4
884,3884,0.4
1015,1273,0.4
1481,2607,0.4
1728,3235,0.4
1753,2734,0.4
1783,3208,0.4
1786,2707,0.4
1929,2200,0.4
2189,3827,0.4
3042,3599,0.4
652,1495,0.41666666666666663
711,2257,0.41666666666666663
2257,3731,0.41666666666666663
3280,3599,0.41666666666666663
194,2580,0.4285714285714286
418,2661,0.4285714285714286
515,775,0.4285714285714286
927,1009,0.4285714285714286
1714,3681,0.4285714285714286
1727,2661,0.4285714285714286
1881,2647,0.4285714285714286
2477,3634,0.4285714285714286
3308,3701,0.4285714285714286
1339,1719,0.4375
194,439,0.4444444444444444
299,3665,0.4444444444444444
328,2448,0.4444444444444444
821,3917,0.4444444444444444
1248,3936,0.4444444444444444
1273,2146,0.4444444444444444
1679,2674,0.4444444444444444
1886,3078,0.4444444444444444
2316,3884,0.4444444444444444
2337,3933,0.4444444444444444
3492,3884,0.4444444444444444
354,775,0.4545454545454546
615,2316,0.4545454545454546
766,3215,0.4545454545454546
821,3886,0.4545454545454546
864,1732,0.4545454545454546
1043,3884,0.4545454545454546
1363,3762,0.4545454545454546
1481,3481,0.4545454545454546
1528,2076,0.4545454545454546
1734,3599,0.4545454545454546
852,3469,0.46153846153846156
1744,2288,0.46153846153846156
3337,3973,0.46153846153846156
28,1722,0.4666666666666667
444,2456,0.4666666666666667
3085,3266,0.4666666666666667
1079,2912,0.47058823529411764
1245,3897,0.47058823529411764
1610,3191,0.47058823529411764
3145,3472,0.47058823529411764
26,2063,0.5
27,2738,0.5
29,906,0.5
30,2336,0.5
44,418,0.5
47,413,0.5
70,1480,0.5
104,1351,0.5
116,219,0.5
151,1745,0.5
194,515,0.5
204,3587,0.5
250,1015,0.5
258,668,0.5
273,1736,0.5
276,440,0.5
313,998,0.5
319,515,0.5
319,837,0.5
328,1530,0.5
328,3634,0.5
354,2316,0.5
362,3404,0.5
394,1444,0.5
409,1328,0.5
418,515,0.5
418,1273,0.5
507,2121,0.5
515,2887,0.5
515,2958,0.5
515,3092,0.5
515,3885,0.5
515,3892,0.5
539,1527,0.5
614,977,0.5
615,1881,0.5
635,1332,0.5
690,2010,0.5
690,3101,0.5
712,2479,0.5
752,1527,0.5
775,1975,0.5
775,2479,0.5
775,2838,0.5
802,1753,0.5
808,3145,0.5
825,1828,0.5
847,1326,0.5
887,1289,0.5
977,1727,0.5
990,3450,0.5
998,1043,0.5
1015,2083,0.5
1033,1273,0.5
1091,1662,0.5
1094,2243,0.5
1175,2609,0.5
1218,3640,0.5
1245,2807,0.5
1248,1828,0.5
1248,2484,0.5
1261,2337,0.5
1398,3481,0.5
1451,1487,0.5
1458,1563,0.5
1527,3884,0.5
1563,2870,0.5
1655,2860,0.5
1702,2893,0.5
1727,1828,0.5
1734,2934,0.5
1753,3558,0.5
1855,2257,0.5
1896,3492,0.5
1978,3789,0.5
2000,2607,0.5
2000,3072,0.5
2013,2860,0.5
2013,2923,0.5
2013,3529,0.5
2106,2894,0.5
2218,2574,0.5
2282,2336,0.5
2332,3091,0.5
2355,3558,0.5
2484,3349,0.5
2498,3624,0.5
2537,2579,0.5
2609,3264,0.5
2817,3271,0.5
2829,3085,0.5
2838,3974,0.5
2916,3701,0.5
2938,3884,0.5
3004,3744,0.5
3024,3208,0.5
3502,3752,0.5
3624,3933,0.5
1077,3108,0.5217391304347826
30,1017,0.5294117647058824
431,2374,0.5294117647058824
836,2129,0.5294117647058824
845,2242,0.5294117647058824
1079,2197,0.5294117647058824
1799,2107,0.5294117647058824
2675,3362,0.5294117647058824
354,3934,0.5333333333333333
431,711,0.5333333333333333
507,1043,0.5333333333333333
960,1582,0.5333333333333333
1362,1896,0.5333333333333333
2012,3085,0.5333333333333333
2245,3532,0.5333333333333333
2807,3820,0.5333333333333333
3235,3529,0.5333333333333333
3436,3510,0.5333333333333333
856,3232,0.5357142857142857
27,354,0.5384615384615384
27,3532,0.5384615384615384
437,2484,0.5384615384615384
448,3532,0.5384615384615384
512,3677,0.5384615384615384
686,3731,0.5384615384615384
1107,2448,0.5384615384615384
1289,2893,0.5384615384615384
1444,3949,0.5384615384615384
1687,2523,0.5384615384615384
1975,3289,0.5384615384615384
2287,3886,0.5384615384615384
3425,3929,0.5384615384615384
1274,3526,0.5416666666666667
58,1571,0.5454545454545454
63,647,0.5454545454545454
113,3822,0.5454545454545454
167,3743,0.5454545454545454
394,2843,0.5454545454545454
504,1194,0.5454545454545454
512,1487,0.5454545454545454
553,778,0.5454545454545454
592,3717,0.5454545454545454
709,1163,0.5454545454545454
742,2484,0.5454545454545454
775,2672,0.5454545454545454
775,3960,0.5454545454545454
921,3250,0.5454545454545454
971,1451,0.5454545454545454
1332,2623,0.5454545454545454
1451,3425,0.5454545454545454
1458,1822,0.5454545454545454
1564,2609,0.5454545454545454
1728,3364,0.5454545454545454
1769,2457,0.5454545454545454
2106,2462,0.5454545454545454
2145,3917,0.5454545454545454
2218,3933,0.5454545454545454
2261,2544,0.5454545454545454
2262,3435,0.5454545454545454
2492,2661,0.5454545454545454
2557,2805,0.5454545454545454
2775,3513,0.5454545454545454
3030,3283,0.5454545454545454
3422,3665,0.5454545454545454
965,2577,0.55
1550,2249,0.55
2249,3266,0.55
2336,3250,0.55
26,880,0.5555555555555556
86,1610,0.5555555555555556
113,401,0.5555555555555556
113,2000,0.5555555555555556
113,2108,0.5555555555555556
113,2318,0.5555555555555556
129,2000,0.5555555555555556
194,3743,0.5555555555555556
196,1567,0.5555555555555556
301,2859,0.5555555555555556
361,3019,0.5555555555555556
409,2843,0.5555555555555556
647,2011,0.5555555555555556
659,2189,0.5555555555555556
712,1714,0.5555555555555556
719,1563,0.5555555555555556
775,2046,0.5555555555555556
895,2000,0.5555555555555556
1009,1812,0.5555555555555556
1042,2906,0.5555555555555556
1043,2390,0.5555555555555556
1060,1248,0.5555555555555556
1093,2891,0.5555555555555556
1153,1714,0.5555555555555556
1655,1997,0.5555555555555556
1830,3286,0.5555555555555556
1841,2818,0.5555555555555556
1903,2045,0.5555555555555556
1975,3959,0.5555555555555556
2000,2283,0.5555555555555556
2000,3791,0.5555555555555556
2050,3665,0.5555555555555556
2149,2981,0.5555555555555556
2226,2337,0.5555555555555556
2359,2484,0.5555555555555556
2478,3154,0.5555555555555556
2495,3839,0.5555555555555556
2727,3322,0.5555555555555556
3019,3667,0.5555555555555556
3115,3600,0.5555555555555556
3205,3935,0.5555555555555556
3420,3529,0.5555555555555556
9,2814,0.5625
27,3472,0.5625
190,652,0.5625
282,2909,0.5625
313,636,0.5625
524,1071,0.5625
711,1542,0.5625
1043,2946,0.5625
1162,2066,0.5625
1313,3766,0.5625
1362,1582,0.5625
1362,1745,0.5625
1375,1458,0.5625
2104,3525,0.5625
2239,2531,0.5625
2508,3867,0.5625
2531,3067,0.5625
2826,3343,0.5625
2909,3429,0.5625
43,747,0.5714285714285714
73,1966,0.5714285714285714
86,188,0.5714285714285714
151,2324,0.5714285714285714
194,747,0.5714285714285714
207,825,0.5714285714285714
230,3019,0.5714285714285714
284,692,0.5714285714285714
291,1607,0.5714285714285714
313,1002,0.5714285714285714
328,3019,0.5714285714285714
354,1313,0.5714285714285714
362,752,0.5714285714285714
401,1835,0.5714285714285714
465,3513,0.5714285714285714
515,553,0.5714285714285714
515,1342,0.5714285714285714
515,2055,0.5714285714285714
717,1451,0.5714285714285714
753,1251,0.5714285714285714
758,977,0.5714285714285714
762,2927,0.5714285714285714
848,1635,0.5714285714285714
998,2508,0.5714285714285714
1289,2653,0.5714285714285714
1306,1852,0.5714285714285714
1384,3410,0.5714285714285714
1419,3533,0.5714285714285714
1633,2296,0.5714285714285714
1753,3870,0.5714285714285714
1770,3849,0.5714285714285714
1810,2759,0.5714285714285714
1916,2738,0.5714285714285714
2116,3599,0.5714285714285714
2196,3420,0.5714285714285714
2214,3857,0.5714285714285714
2258,3049,0.5714285714285714
2262,3290,0.5714285714285714
2336,3666,0.5714285714285714
2468,3553,0.5714285714285714
2560,2647,0.5714285714285714
2826,3769,0.5714285714285714
2829,3235,0.5714285714285714
3235,3692,0.5714285714285714
2468,3250,0.5769230769230769
1245,3172,0.5789473684210527
1381,3534,0.5789473684210527
151,791,0.5833333333333333
194,3564,0.5833333333333333
204,3532,0.5833333333333333
232,2332,0.5833333333333333
401,3852,0.5833333333333333
413,3886,0.5833333333333333
536,3798,0.5833333333333333
647,3263,0.5833333333333333
653,1161,0.5833333333333333
725,1709,0.5833333333333333
821,3748,0.5833333333333333
848,2498,0.5833333333333333
864,1521,0.5833333333333333
963,2607,0.5833333333333333
1014,2457,0.5833333333333333
1118,3524,0.5833333333333333
1159,1248,0.5833333333333333
1299,3948,0.5833333333333333
1481,1720,0.5833333333333333
1975,2056,0.5833333333333333
2106,2457,0.5833333333333333
2129,2843,0.5833333333333333
2296,3381,0.5833333333333333
2484,3849,0.5833333333333333
2579,3781,0.5833333333333333
2626,3085,0.5833333333333333
2734,3865,0.5833333333333333
2842,3624,0.5833333333333333
3508,3695,0.5833333333333333
930,2468,0.5862068965517242
255,1071,0.5882352941176471
255,3875,0.5882352941176471
437,2895,0.5882352941176471
608,1652,0.5882352941176471
745,1905,0.5882352941176471
836,1668,0.5882352941176471
1245,3039,0.5882352941176471
1245,3916,0.5882352941176471
1480,2336,0.5882352941176471
1646,3375,0.5882352941176471
1736,1987,0.5882352941176471
1841,2213,0.5882352941176471
1841,2245,0.5882352941176471
2539,3174,0.5882352941176471
3629,3857,0.5882352941176471
1043,2612,0.5909090909090908
2053,2818,0.5909090909090908
2475,3912,0.5909090909090908
12,68,0.6
12,1101,0.6
20,2727,0.6
30,2054,0.6
35,2482,0.6
66,1436,0.6
73,3235,0.6
99,1862,0.6
195,249,0.6
195,947,0.6
195,1786,0.6
195,1929,0.6
195,2117,0.6
195,3965,0.6
235,3402,0.6
236,437,0.6
243,2178,0.6
255,686,0.6
255,3557,0.6
278,2627,0.6
285,652,0.6
333,2683,0.6
399,751,0.6
459,3376,0.6
497,1332,0.6
553,2125,0.6
566,909,0.6
570,3955,0.6
647,2281,0.6
648,3849,0.6
671,2699,0.6
761,1791,0.6
802,1091,0.6
802,2187,0.6
879,983,0.6
879,2775,0.6
883,1901,0.6
906,2166,0.6
950,3926,0.6
958,2337,0.6
970,3785,0.6
1014,2238,0.6
1043,3207,0.6
1049,2280,0.6
1082,2731,0.6
1091,3511,0.6
1093,3625,0.6
1098,2360,0.6
1137,3643,0.6
1145,2267,0.6
1248,3194,0.6
1273,2655,0.6
1316,2508,0.6
1418,2336,0.6
1419,2220,0.6
1452,1722,0.6
1582,3948,0.6
1586,2400,0.6
1586,2531,0.6
1592,3092,0.6
1694,2331,0.6
1769,2870,0.6
1813,1997,0.6
1844,2082,0.6
1858,3511,0.6
1932,2050,0.6
2134,2380,0.6
2183,2684,0.6
2238,3798,0.6
2309,3974,0.6
2337,3770,0.6
2391,3737,0.6
2519,3884,0.6
2551,3074,0.6
2702,3949,0.6
2738,3601,0.6
2830,3533,0.6
2979,3100,0.6
3008,3223,0.6
3037,3806,0.6
3120,3948,0.6
3137,3386,0.6
3199,3309,0.6
3238,3695,0.6
3454,3748,0.6
930,3653,0.6086956521739131
1082,3923,0.6086956521739131
2851,3330,0.6086956521739131
30,3357,0.6111111111111112
106,1128,0.6111111111111112
273,1654,0.6111111111111112
570,609,0.6111111111111112
804,3235,0.6111111111111112
960,1757,0.6111111111111112
990,1245,0.6111111111111112
1128,2853,0.6111111111111112
1445,2985,0.6111111111111112
1496,1502,0.6111111111111112
1586,2681,0.6111111111111112
1610,2804,0.6111111111111112
1940,2685,0.6111111111111112
2197,3267,0.6111111111111112
3079,3963,0.6111111111111112
3185,3191,0.6111111111111112
7,2262,0.6153846153846154
28,3789,0.6153846153846154
81,3231,0.6153846153846154
110,1002,0.6153846153846154
151,3296,0.6153846153846154
413,2280,0.6153846153846154
440,2296,0.6153846153846154
536,3525,0.6153846153846154
555,3757,0.6153846153846154
603,2462,0.6153846153846154
603,3158,0.6153846153846154
606,1118,0.6153846153846154
630,2028,0.6153846153846154
647,1105,0.6153846153846154
647,2950,0.6153846153846154
670,1194,0.6153846153846154
740,766,0.6153846153846154
803,3435,0.6153846153846154
813,3414,0.6153846153846154
892,1328,0.6153846153846154
920,2125,0.6153846153846154
1124,3892,0.6153846153846154
1161,2169,0.6153846153846154
1197,3757,0.6153846153846154
1273,2614,0.6153846153846154
1429,2843,0.6153846153846154
1444,1590,0.6153846153846154
1527,3091,0.6153846153846154
1586,1640,0.6153846153846154
1683,3235,0.6153846153846154
1711,1966,0.6153846153846154
1714,3105,0.6153846153846154
1792,3180,0.6153846153846154
2011,2915,0.6153846153846154
2072,2239,0.6153846153846154
2073,3063,0.6153846153846154
2121,2756,0.6153846153846154
2316,2886,0.6153846153846154
2394,2450,0.6153846153846154
2450,3331,0.6153846153846154
2466,2789,0.6153846153846154
2517,3154,0.6153846153846154
2583,3624,0.6153846153846154
2674,3014,0.6153846153846154
3221,3647,0.6153846153846154
308,2467,0.6190476190476191
995,1692,0.6190476190476191
1016,3945,0.6190476190476191
1054,3415,0.6190476190476191
1752,3529,0.6190476190476191
2313,3726,0.6190476190476191
2905,3468,0.6190476190476191
18,1886,0.625
19,118,0.625
26,1029,0.625
29,2175,0.625
64,425,0.625
65,91,0.625
84,2985,0.625
104,3870,0.625
113,3088,0.625
128,3704,0.625
169,3937,0.625
178,601,0.625
194,647,0.625
196,1026,0.625
207,3665,0.625
247,636,0.625
328,3143,0.625
342,2380,0.625
349,1392,0.625
367,2223,0.625
387,1354,0.625
394,1756,0.625
407,3885,0.625
413,1584,0.625
493,2059,0.625
515,3118,0.625
515,3331,0.625
515,3394,0.625
523,2249,0.625
535,1566,0.625
535,2694,0.625
553,1621,0.625
553,3376,0.625
559,2639,0.625
584,3848,0.625
635,2356,0.625
644,1744,0.625
647,1081,0.625
647,1435,0.625
671,1719,0.625
686,1652,0.625
694,1118,0.625
717,2403,0.625
739,2172,0.625
762,3367,0.625
762,3439,0.625
771,2338,0.625
775,3328,0.625
786,1091,0.625
825,3527,0.625
829,2958,0.625
877,3569,0.625
912,2522,0.625
927,2258,0.625
947,1830,0.625
977,3538,0.625
1004,1435,0.625
1011,2574,0.625
1024,3701,0.625
1177,1657,0.625
1196,2876,0.625
1260,1660,0.625
1306,3801,0.625
1326,2238,0.625
1326,2684,0.625
1354,3331,0.625
1452,2261,0.625
1458,1490,0.625
1496,1586,0.625
1547,1960,0.625
1563,1581,0.625
1571,1715,0.625
1589,3499,0.625
1604,2055,0.625
1657,3802,0.625
1670,2187,0.625
1692,2523,0.625
1715,3109,0.625
1727,1893,0.625
1753,2476,0.625
1769,2911,0.625
1790,3670,0.625
1858,3720,0.625
1875,3464,0.625
1929,3678,0.625
2052,3634,0.625
2149,3376,0.625
2310,3138,0.625
2337,3682,0.625
2562,3468,0.625
2791,3620,0.625
2870,2903,0.625
2996,3806,0.625
3383,3665,0.625
3494,3738,0.625
3502,3803,0.625
3548,3769,0.625
3634,3788,0.625
3665,3775,0.625
69,587,0.631578947368421
69,790,0.631578947368421
285,2956,0.631578947368421
315,2288,0.631578947368421
570,1756,0.631578947368421
678,2742,0.631578947368421
799,1057,0.631578947368421
902,1402,0.631578947368421
1016,2239,0.631578947368421
1189,2762,0.631578947368421
1245,3375,0.631578947368421
1511,1804,0.631578947368421
1792,2994,0.631578947368421
1804,2531,0.631578947368421
2239,3723,0.631578947368421
2795,3779,0.631578947368421
3235,3619,0.631578947368421
246,3566,0.6333333333333333
19,3203,0.6363636363636364
64,2298,0.6363636363636364
167,484,0.6363636363636364
174,2927,0.6363636363636364
194,251,0.6363636363636364
243,3734,0.6363636363636364
258,1593,0.6363636363636364
298,1742,0.6363636363636364
301,2996,0.6363636363636364
302,468,0.6363636363636364
312,887,0.6363636363636364
361,3689,0.6363636363636364
369,647,0.6363636363636364
380,1859,0.6363636363636364
392,1444,0.6363636363636364
409,602,0.6363636363636364
409,2246,0.6363636363636364
413,3283,0.6363636363636364
440,1694,0.6363636363636364
440,2011,0.6363636363636364
497,913,0.6363636363636364
525,2542,0.6363636363636364
553,740,0.6363636363636364
570,1422,0.6363636363636364
592,3654,0.6363636363636364
602,1861,0.6363636363636364
602,3078,0.6363636363636364
603,906,0.6363636363636364
647,3596,0.6363636363636364
670,927,0.6363636363636364
673,3870,0.6363636363636364
696,1932,0.6363636363636364
732,2360,0.6363636363636364
774,3360,0.6363636363636364
840,2734,0.6363636363636364
873,1989,0.6363636363636364
877,2843,0.6363636363636364
879,3798,0.6363636363636364
997,2050,0.6363636363636364
1009,1340,0.6363636363636364
1024,2076,0.6363636363636364
1101,3638,0.6363636363636364
1161,2309,0.6363636363636364
1190,3347,0.6363636363636364
1197,3371,0.6363636363636364
1270,3665,0.6363636363636364
1653,2182,0.6363636363636364
1655,2413,0.6363636363636364
1683,2319,0.6363636363636364
1703,2981,0.6363636363636364
1792,3791,0.6363636363636364
1830,3587,0.6363636363636364
1859,2484,0.6363636363636364
1861,2607,0.6363636363636364
1895,3685,0.6363636363636364
2025,3287,0.6363636363636364
2041,2694,0.6363636363636364
2162,2368,0.6363636363636364
2259,3720,0.6363636363636364
2262,3665,0.6363636363636364
2309,2975,0.6363636363636364
2336,2577,0.6363636363636364
2377,3624,0.6363636363636364
2399,2843,0.6363636363636364
2579,3590,0.6363636363636364
2615,2618,0.6363636363636364
2775,3673,0.6363636363636364
2864,3435,0.6363636363636364
3080,3567,0.6363636363636364
0,1261,0.6428571428571428
108,310,0.6428571428571428
257,3870,0.6428571428571428
261,1463,0.6428571428571428
524,1099,0.6428571428571428
553,2750,0.6428571428571428
587,1694,0.6428571428571428
602,2771,0.6428571428571428
740,1750,0.6428571428571428
766,3192,0.6428571428571428
775,1860,0.6428571428571428
867,3203,0.6428571428571428
871,1114,0.6428571428571428
888,2305,0.6428571428571428
898,3147,0.6428571428571428
998,1963,0.6428571428571428
1119,3477,0.6428571428571428
1332,3342,0.6428571428571428
1332,3703,0.6428571428571428
1335,3446,0.6428571428571428
1393,3658,0.6428571428571428
1443,2716,0.6428571428571428
1458,1678,0.6428571428571428
1467,1525,0.6428571428571428
1523,1651,0.6428571428571428
1586,2296,0.6428571428571428
1664,2410,0.6428571428571428
1711,2251,0.6428571428571428
1717,3886,0.6428571428571428
1831,3332,0.6428571428571428
2120,2146,0.6428571428571428
2144,3796,0.6428571428571428
2202,3917,0.6428571428571428
2223,2872,0.6428571428571428
2288,3789,0.6428571428571428
2310,3435,0.6428571428571428
2484,3507,0.6428571428571428
2527,2987,0.6428571428571428
2607,3749,0.6428571428571428
2667,3235,0.6428571428571428
2775,3923,0.6428571428571428
2786,3789,0.6428571428571428
2826,3705,0.6428571428571428
3028,3510,0.6428571428571428
3083,3200,0.6428571428571428
3513,3757,0.6428571428571428
3566,3709,0.6428571428571428
22,1176,0.6470588235294117
28,257,0.6470588235294117
28,3838,0.6470588235294117
84,587,0.6470588235294117
107,804,0.6470588235294117
186,3569,0.6470588235294117
242,601,0.6470588235294117
247,2706,0.6470588235294117
264,1398,0.6470588235294117
429,766,0.6470588235294117
524,1693,0.6470588235294117
639,3251,0.6470588235294117
700,3723,0.6470588235294117
745,3263,0.6470588235294117
854,2998,0.6470588235294117
949,1586,0.6470588235294117
963,2488,0.6470588235294117
1058,2075,0.6470588235294117
1079,2539,0.6470588235294117
1111,1173,0.6470588235294117
1114,1652,0.6470588235294117
1329,2223,0.6470588235294117
1445,2623,0.6470588235294117
1495,3071,0.6470588235294117
1664,1771,0.6470588235294117
1687,1696,0.6470588235294117
1698,3043,0.6470588235294117
1702,2269,0.6470588235294117
1834,2354,0.6470588235294117
2198,3342,0.6470588235294117
2239,2752,0.6470588235294117
2352,2476,0.6470588235294117
2375,3497,0.6470588235294117
2498,3068,0.6470588235294117
2814,3335,0.6470588235294117
2951,3145,0.6470588235294117
2980,3921,0.6470588235294117
3532,3812,0.6470588235294117
30,3334,0.65
138,2738,0.65
322,745,0.65
348,854,0.65
402,2280,0.65
433,1899,0.65
489,2328,0.65
587,2074,0.65
845,1077,0.65
850,1692,0.65
854,1732,0.65
1128,3693,0.65
1349,3183,0.65
1508,3888,0.65
1586,3355,0.65
1667,2031,0.65
1739,1826,0.65
1771,2054,0.65
1964,3569,0.65
2155,3313,0.65
2300,2650,0.65
2531,2815,0.65
3192,3441,0.65
3241,3242,0.65
3415,3658,0.65
390,3657,0.6511627906976745
21,3466,0.6521739130434783
324,3588,0.6521739130434783
414,2282,0.6521739130434783
965,2974,0.6521739130434783
973,3569,0.6521739130434783
1039,3488,0.6521739130434783
1185,1272,0.6521739130434783
1499,3709,0.6521739130434783
2282,3794,0.6521739130434783
2382,3165,0.6521739130434783
2388,3165,0.6521739130434783
2495,3646,0.6521739130434783
411,503,0.6538461538461539
737,3747,0.6538461538461539
1127,2747,0.6538461538461539
3566,3569,0.6538461538461539
1,553,0.6666666666666667
1,2152,0.6666666666666667
7,3252,0.6666666666666667
8,2308,0.6666666666666667
11,2752,0.6666666666666667
14,2448,0.6666666666666667
19,29,0.6666666666666667
19,104,0.6666666666666667
19,584,0.6666666666666667
20,259,0.6666666666666667
20,2375,0.6666666666666667
20,2712,0.6666666666666667
20,3313,0.6666666666666667
21,602,0.6666666666666667
26,3569,0.6666666666666667
28,259,0.6666666666666667
28,2162,0.6666666666666667
28,2742,0.6666666666666667
28,3423,0.6666666666666667
30,1217,0.6666666666666667
30,2195,0.6666666666666667
35,2121,0.6666666666666667
36,2006,0.6666666666666667
39,2720,0.6666666666666667
43,356,0.6666666666666667
51,284,0.6666666666666667
56,998,0.6666666666666667
60,2980,0.6666666666666667
62,3769,0.6666666666666667
63,1480,0.6666666666666667
68,3539,0.6666666666666667
69,2989,0.6666666666666667
70,162,0.6666666666666667
77,1429,0.6666666666666667
81,683,0.6666666666666667
89,3047,0.6666666666666667
91,2799,0.6666666666666667
104,271,0.6666666666666667
104,1080,0.6666666666666667
104,1555,0.6666666666666667
104,2061,0.6666666666666667
105,207,0.6666666666666667
106,1502,0.6666666666666667
106,2971,0.6666666666666667
113,3410,0.6666666666666667
123,3963,0.6666666666666667
129,3160,0.6666666666666667
131,3188,0.6666666666666667
156,3516,0.6666666666666667
158,1757,0.6666666666666667
160,3066,0.6666666666666667
166,2258,0.6666666666666667
167,307,0.6666666666666667
169,1388,0.6666666666666667
169,1439,0.6666666666666667
186,2562,0.6666666666666667
187,1005,0.6666666666666667
195,2514,0.6666666666666667
195,3117,0.6666666666666667
195,3499,0.6666666666666667
207,1440,0.6666666666666667
207,3269,0.6666666666666667
220,3200,0.6666666666666667
231,1752,0.6666666666666667
249,360,0.6666666666666667
249,3279,0.6666666666666667
251,3080,0.6666666666666667
258,3963,0.6666666666666667
271,2715,0.6666666666666667
273,315,0.6666666666666667
273,2825,0.6666666666666667
276,1139,0.6666666666666667
276,3704,0.6666666666666667
277,3397,0.6666666666666667
283,2379,0.6666666666666667
301,2674,0.6666666666666667
301,3513,0.6666666666666667
304,1657,0.6666666666666667
304,2503,0.6666666666666667
313,1991,0.6666666666666667
317,1491,0.6666666666666667
329,2259,0.6666666666666667
333,1326,0.6666666666666667
347,1368,0.6666666666666667
352,3128,0.6666666666666667
361,1994,0.6666666666666667
361,3796,0.6666666666666667
367,882,0.6666666666666667
374,3799,0.6666666666666667
391,3752,0.6666666666666667
401,3223,0.6666666666666667
409,434,0.6666666666666667
413,2764,0.6666666666666667
414,3598,0.6666666666666667
434,2269,0.6666666666666667
435,1442,0.6666666666666667
435,2840,0.6666666666666667
436,3830,0.6666666666666667
437,3386,0.6666666666666667
444,2864,0.6666666666666667
444,3761,0.6666666666666667
453,2267,0.6666666666666667
453,3350,0.6666666666666667
458,766,0.6666666666666667
465,3898,0.6666666666666667
466,671,0.6666666666666667
467,753,0.6666666666666667
467,1431,0.6666666666666667
467,1630,0.6666666666666667
467,3205,0.6666666666666667
467,3319,0.6666666666666667
474,588,0.6666666666666667
490,1666,0.6666666666666667
502,1602,0.6666666666666667
502,3937,0.6666666666666667
504,3702,0.6666666666666667
519,1784,0.6666666666666667
524,1624,0.6666666666666667
536,754,0.6666666666666667
536,1425,0.6666666666666667
539,738,0.6666666666666667
545,980,0.6666666666666667
546,2303,0.6666666666666667
568,2089,0.6666666666666667
584,2559,0.6666666666666667
587,2494,0.6666666666666667
592,1240,0.6666666666666667
597,3609,0.6666666666666667
598,3802,0.6666666666666667
601,766,0.6666666666666667
602,832,0.6666666666666667
602,1555,0.6666666666666667
604,1694,0.6666666666666667
606,630,0.6666666666666667
606,2649,0.6666666666666667
618,1653,0.6666666666666667
621,939,0.6666666666666667
635,1118,0.6666666666666667
635,2478,0.6666666666666667
635,3226,0.6666666666666667
647,940,0.6666666666666667
653,2458,0.6666666666666667
665,3723,0.6666666666666667
667,1505,0.6666666666666667
668,2050,0.6666666666666667
668,2227,0.6666666666666667
668,2789,0.6666666666666667
674,3074,0.6666666666666667
685,3525,0.6666666666666667
698,1235,0.6666666666666667
698,2787,0.6666666666666667
712,2686,0.6666666666666667
717,1910,0.6666666666666667
734,3701,0.6666666666666667
740,3185,0.6666666666666667
746,983,0.6666666666666667
751,3783,0.6666666666666667
758,1032,0.6666666666666667
769,2162,0.6666666666666667
770,977,0.6666666666666667
775,1657,0.6666666666666667
779,947,0.6666666666666667
801,1117,0.6666666666666667
802,1392,0.6666666666666667
814,3774,0.6666666666666667
824,1335,0.6666666666666667
825,1321,0.6666666666666667
825,2716,0.6666666666666667
825,3131,0.6666666666666667
846,1261,0.6666666666666667
854,2742,0.6666666666666667
856,3964,0.6666666666666667
862,3477,0.6666666666666667
865,3949,0.6666666666666667
867,2247,0.6666666666666667
874,2744,0.6666666666666667
888,2267,0.6666666666666667
903,2914,0.6666666666666667
913,3436,0.6666666666666667
927,1958,0.6666666666666667
939,3768,0.6666666666666667
950,2258,0.6666666666666667
964,1932,0.6666666666666667
964,2635,0.6666666666666667
979,1745,0.6666666666666667
980,2336,0.6666666666666667
982,1082,0.6666666666666667
1015,3330,0.6666666666666667
1016,3664,0.6666666666666667
1016,3839,0.6666666666666667
1033,2748,0.6666666666666667
1035,1240,0.6666666666666667
1037,1185,0.6666666666666667
1037,2445,0.6666666666666667
1050,1301,0.6666666666666667
1061,3524,0.6666666666666667
1063,1786,0.6666666666666667
1075,3471,0.6666666666666667
1077,2336,0.6666666666666667
1077,3136,0.6666666666666667
1081,1396,0.6666666666666667
1082,3790,0.6666666666666667
1092,2015,0.6666666666666667
1092,2623,0.6666666666666667
1117,1714,0.6666666666666667
1145,3174,0.6666666666666667
1151,2683,0.6666666666666667
1157,1680,0.6666666666666667
1157,3502,0.6666666666666667
1163,2239,0.6666666666666667
1173,2381,0.6666666666666667
1175,3804,0.6666666666666667
1177,1388,0.6666666666666667
1177,3460,0.6666666666666667
1183,1998,0.6666666666666667
1190,1481,0.6666666666666667
1202,2121,0.6666666666666667
1207,3963,0.6666666666666667
1239,3305,0.6666666666666667
1248,1864,0.6666666666666667
1259,3484,0.6666666666666667
1273,2875,0.6666666666666667
1288,3715,0.6666666666666667
1303,2843,0.6666666666666667
1308,2269,0.6666666666666667
1332,1647,0.6666666666666667
1332,1719,0.6666666666666667
1332,2600,0.6666666666666667
1335,1404,0.6666666666666667
1335,3381,0.6666666666666667
1339,2032,0.6666666666666667
1341,3816,0.6666666666666667
1346,2562,0.6666666666666667
1370,1932,0.6666666666666667
1377,3240,0.6666666666666667
1388,2799,0.6666666666666667
1429,2097,0.6666666666666667
1463,2080,0.6666666666666667
1505,3430,0.6666666666666667
1520,2197,0.6666666666666667
1527,1797,0.6666666666666667
1541,3037,0.6666666666666667
1566,2855,0.6666666666666667
1566,3731,0.6666666666666667
1577,3558,0.6666666666666667
1580,2872,0.6666666666666667
1581,1807,0.6666666666666667
1581,2019,0.6666666666666667
1598,2451,0.6666666666666667
1603,3756,0.6666666666666667
1612,3646,0.6666666666666667
1618,2288,0.6666666666666667
1620,3502,0.6666666666666667
1640,2001,0.6666666666666667
1652,1667,0.6666666666666667
1653,2100,0.6666666666666667
1653,2980,0.6666666666666667
1668,3173,0.6666666666666667
1673,2359,0.6666666666666667
1679,2006,0.6666666666666667
1697,2019,0.6666666666666667
1698,3112,0.6666666666666667
1715,3915,0.6666666666666667
1723,3802,0.6666666666666667
1727,2679,0.6666666666666667
1728,2518,0.6666666666666667
1729,2551,0.6666666666666667
1734,2354,0.6666666666666667
1754,2239,0.6666666666666667
1766,2863,0.6666666666666667
1769,2625,0.6666666666666667
1770,2207,0.6666666666666667
1783,2010,0.6666666666666667
1783,2124,0.6666666666666667
1783,3965,0.6666666666666667
1792,2854,0.6666666666666667
1799,3435,0.6666666666666667
1805,1957,0.6666666666666667
1809,2654,0.6666666666666667
1825,3043,0.6666666666666667
1858,2982,0.6666666666666667
1895,3154,0.6666666666666667
1904,2482,0.6666666666666667
1908,2187,0.6666666666666667
1910,2796,0.6666666666666667
1929,2841,0.6666666666666667
1932,2545,0.6666666666666667
1957,2587,0.6666666666666667
1984,3112,0.6666666666666667
1990,3270,0.6666666666666667
1990,3746,0.6666666666666667
2001,3908,0.6666666666666667
2010,3393,0.6666666666666667
2011,2524,0.6666666666666667
2019,3660,0.6666666666666667
2029,2498,0.6666666666666667
2032,2549,0.6666666666666667
2038,3806,0.6666666666666667
2040,2929,0.6666666666666667
2040,3772,0.6666666666666667
2056,2700,0.6666666666666667
2071,3802,0.6666666666666667
2109,2187,0.6666666666666667
2111,3488,0.6666666666666667
2115,2759,0.6666666666666667
2124,3405,0.6666666666666667
2134,3024,0.6666666666666667
2159,2223,0.6666666666666667
2172,2551,0.6666666666666667
2194,2238,0.6666666666666667
2237,3533,0.6666666666666667
2245,3053,0.6666666666666667
2288,2746,0.6666666666666667
2296,3896,0.6666666666666667
2375,3776,0.6666666666666667
2387,2531,0.6666666666666667
2388,2976,0.6666666666666667
2396,2982,0.6666666666666667
2408,3939,0.6666666666666667
2409,3967,0.6666666666666667
2410,3111,0.6666666666666667
2410,3484,0.6666666666666667
2424,3806,0.6666666666666667
2426,3794,0.6666666666666667
2432,2843,0.6666666666666667
2433,3285,0.6666666666666667
2445,3202,0.6666666666666667
2457,3772,0.6666666666666667
2462,2582,0.6666666666666667
2469,2905,0.6666666666666667
2472,3868,0.6666666666666667
2495,2781,0.6666666666666667
2501,3762,0.6666666666666667
2605,2830,0.6666666666666667
2609,3150,0.6666666666666667
2626,3462,0.6666666666666667
2642,3201,0.6666666666666667
2642,3386,0.6666666666666667
2684,3611,0.6666666666666667
2687,2711,0.6666666666666667
2744,3077,0.6666666666666667
2762,2799,0.6666666666666667
2770,3313,0.6666666666666667
2771,3245,0.6666666666666667
2784,2837,0.6666666666666667
2854,3147,0.6666666666666667
2861,3897,0.6666666666666667
2872,3034,0.6666666666666667
2872,3267,0.6666666666666667
2872,3680,0.6666666666666667
2887,3463,0.6666666666666667
2894,3069,0.6666666666666667
2902,3023,0.6666666666666667
3055,3786,0.6666666666666667
3137,3414,0.6666666666666667
3141,3506,0.6666666666666667
3174,3768,0.6666666666666667
3203,3860,0.6666666666666667
3205,3233,0.6666666666666667
3303,3964,0.6666666666666667
3326,3852,0.6666666666666667
3333,3647,0.6666666666666667
3360,3484,0.6666666666666667
3533,3551,0.6666666666666667
3567,3633,0.6666666666666667
3634,3758,0.6666666666666667
3779,3874,0.6666666666666667
3788,3878,0.6666666666666667
914,3108,0.6774193548387097
160,451,0.6785714285714286
1045,3424,0.6785714285714286
2805,2851,0.6785714285714286
2970,3662,0.6785714285714286
552,1238,0.6799999999999999
836,1253,0.6799999999999999
991,3354,0.6799999999999999
1327,3945,0.6799999999999999
1663,2053,0.6799999999999999
2754,3964,0.6799999999999999
2964,3354,0.6799999999999999
17,1527,0.6818181818181819
93,634,0.6818181818181819
226,2282,0.6818181818181819
266,2336,0.6818181818181819
313,2873,0.6818181818181819
315,3424,0.6818181818181819
438,750,0.6818181818181819
519,1234,0.6818181818181819
521,2313,0.6818181818181819
726,3297,0.6818181818181819
780,1499,0.6818181818181819
784,3857,0.6818181818181819
921,1037,0.6818181818181819
1016,1381,0.6818181818181819
1065,1584,0.6818181818181819
1075,1987,0.6818181818181819
1075,3738,0.6818181818181819
1312,2197,0.6818181818181819
1329,2930,0.6818181818181819
1353,1721,0.6818181818181819
1499,3103,0.6818181818181819
1573,1739,0.6818181818181819
1692,3738,0.6818181818181819
1969,2328,0.6818181818181819
2051,2483,0.6818181818181819
2155,3516,0.6818181818181819
2545,2747,0.6818181818181819
3070,3606,0.6818181818181819
3152,3738,0.6818181818181819
3340,3609,0.6818181818181819
4,3252,0.6842105263157895
8,803,0.6842105263157895
69,2285,0.6842105263157895
186,2619,0.6842105263157895
229,2047,0.6842105263157895
234,2895,0.6842105263157895
273,3544,0.6842105263157895
274,1106,0.6842105263157895
329,2096,0.6842105263157895
385,1294,0.6842105263157895
446,2296,0.6842105263157895
498,978,0.6842105263157895
501,2562,0.6842105263157895
514,3123,0.6842105263157895
540,1702,0.6842105263157895
586,2288,0.6842105263157895
587,2980,0.6842105263157895
655,1440,0.6842105263157895
659,1644,0.6842105263157895
703,2288,0.6842105263157895
705,803,0.6842105263157895
874,2280,0.6842105263157895
923,3963,0.6842105263157895
1003,3540,0.6842105263157895
1007,1054,0.6842105263157895
1037,3597,0.6842105263157895
1061,2230,0.6842105263157895
1142,1736,0.6842105263157895
1173,2387,0.6842105263157895
1297,3835,0.6842105263157895
1484,2389,0.6842105263157895
1572,1756,0.6842105263157895
1687,2062,0.6842105263157895
1771,2757,0.6842105263157895
1861,2425,0.6842105263157895
1969,3151,0.6842105263157895
2015,2266,0.6842105263157895
2033,3534,0.6842105263157895
2080,3052,0.6842105263157895
2106,2365,0.6842105263157895
2239,2382,0.6842105263157895
2296,3241,0.6842105263157895
2317,3059,0.6842105263157895
2450,2713,0.6842105263157895
2496,3622,0.6842105263157895
2531,3125,0.6842105263157895
2566,3598,0.6842105263157895
2585,3750,0.6842105263157895
3138,3909,0.6842105263157895
3152,3475,0.6842105263157895
3339,3468,0.6842105263157895
7,3658,0.6875
33,413,0.6875
76,2725,0.6875
113,2941,0.6875
136,2540,0.6875
148,1833,0.6875
152,2985,0.6875
203,1538,0.6875
211,3525,0.6875
212,860,0.6875
255,733,0.6875
255,1831,0.6875
370,3712,0.6875
427,2872,0.6875
443,3158,0.6875
468,2454,0.6875
481,1111,0.6875
490,3544,0.6875
561,2888,0.6875
603,1108,0.6875
627,1709,0.6875
637,3703,0.6875
675,3888,0.6875
742,1597,0.6875
744,3796,0.6875
775,3742,0.6875
790,3345,0.6875
902,3897,0.6875
931,3330,0.6875
960,1058,0.6875
962,1492,0.6875
1035,3945,0.6875
1096,2331,0.6875
1116,1145,0.6875
1162,2087,0.6875
1172,3789,0.6875
1179,1674,0.6875
1223,2909,0.6875
1250,2389,0.6875
1335,3066,0.6875
1397,2009,0.6875
1440,2945,0.6875
1453,3342,0.6875
1458,2776,0.6875
1463,1792,0.6875
1482,3200,0.6875
1494,2239,0.6875
1593,2884,0.6875
1636,1819,0.6875
1651,3567,0.6875
1687,2820,0.6875
1772,2257,0.6875
1903,2373,0.6875
1926,3525,0.6875
2314,3654,0.6875
2401,3916,0.6875
2458,3891,0.6875
2579,3057,0.6875
2648,3586,0.6875
2720,2762,0.6875
2758,3158,0.6875
2791,3776,0.6875
3103,3315,0.6875
3119,3131,0.6875
3710,3942,0.6875
2420,2979,0.6896551724137931
2443,2500,0.6896551724137931
7,568,0.6923076923076923
20,875,0.6923076923076923
20,3337,0.6923076923076923
49,3587,0.6923076923076923
64,1315,0.6923076923076923
69,2274,0.6923076923076923
135,2011,0.6923076923076923
219,1803,0.6923076923076923
259,1606,0.6923076923076923
299,477,0.6923076923076923
401,1214,0.6923076923076923
418,3021,0.6923076923076923
419,740,0.6923076923076923
419,1330,0.6923076923076923
491,1492,0.6923076923076923
491,3567,0.6923076923076923
514,1895,0.6923076923076923
516,3654,0.6923076923076923
536,1191,0.6923076923076923
552,3401,0.6923076923076923
553,2348,0.6923076923076923
593,2419,0.6923076923076923
631,1332,0.6923076923076923
647,3346,0.6923076923076923
668,1726,0.6923076923076923
719,1946,0.6923076923076923
719,3036,0.6923076923076923
769,3528,0.6923076923076923
795,3665,0.6923076923076923
803,1314,0.6923076923076923
822,1602,0.6923076923076923
822,2008,0.6923076923076923
826,3894,0.6923076923076923
862,1035,0.6923076923076923
863,3963,0.6923076923076923
867,2765,0.6923076923076923
937,3223,0.6923076923076923
939,1735,0.6923076923076923
939,1816,0.6923076923076923
939,1999,0.6923076923076923
939,2726,0.6923076923076923
973,1707,0.6923076923076923
974,3528,0.6923076923076923
1016,2102,0.6923076923076923
1019,1350,0.6923076923076923
1031,1803,0.6923076923076923
1035,1819,0.6923076923076923
1070,2661,0.6923076923076923
1074,2805,0.6923076923076923
1095,2658,0.6923076923076923
1118,2897,0.6923076923076923
1144,2642,0.6923076923076923
1152,1308,0.6923076923076923
1156,3757,0.6923076923076923
1184,3885,0.6923076923076923
1187,3127,0.6923076923076923
1295,2425,0.6923076923076923
1299,3431,0.6923076923076923
1301,3515,0.6923076923076923
1302,3526,0.6923076923076923
1347,2775,0.6923076923076923
1387,3587,0.6923076923076923
1413,3077,0.6923076923076923
1417,1903,0.6923076923076923
1439,3591,0.6923076923076923
1439,3699,0.6923076923076923
1441,2035,0.6923076923076923
1442,1735,0.6923076923076923
1528,2315,0.6923076923076923
1567,2968,0.6923076923076923
1586,1827,0.6923076923076923
1646,2179,0.6923076923076923
1683,2409,0.6923076923076923
1683,3175,0.6923076923076923
1694,1941,0.6923076923076923
1694,3312,0.6923076923076923
1746,2008,0.6923076923076923
1746,3863,0.6923076923076923
1769,2952,0.6923076923076923
1801,3075,0.6923076923076923
1809,2970,0.6923076923076923
1822,3046,0.6923076923076923
1850,3394,0.6923076923076923
1851,2345,0.6923076923076923
1886,3579,0.6923076923076923
1977,3972,0.6923076923076923
2177,2891,0.6923076923076923
2238,3918,0.6923076923076923
2267,3195,0.6923076923076923
2296,2597,0.6923076923076923
2345,3426,0.6923076923076923
2360,3199,0.6923076923076923
2408,3768,0.6923076923076923
2410,3694,0.6923076923076923
2448,3164,0.6923076923076923
2545,3586,0.6923076923076923
2639,2753,0.6923076923076923
2655,3077,0.6923076923076923
2674,3075,0.6923076923076923
2683,3606,0.6923076923076923
2684,3842,0.6923076923076923
2744,3647,0.6923076923076923
2784,3084,0.6923076923076923
2786,3571,0.6923076923076923
3222,3883,0.6923076923076923
3478,3591,0.6923076923076923
87,2985,0.6956521739130435
177,2254,0.6956521739130435
246,1825,0.6956521739130435
290,2475,0.6956521739130435
322,1302,0.6956521739130435
424,2456,0.6956521739130435
514,1737,0.6956521739130435
540,2360,0.6956521739130435
554,1295,0.6956521739130435
558,3020,0.6956521739130435
634,2197,0.6956521739130435
643,2002,0.6956521739130435
836,2990,0.6956521739130435
850,2660,0.6956521739130435
1005,2382,0.6956521739130435
1238,1610,0.6956521739130435
1575,3339,0.6956521739130435
1626,2425,0.6956521739130435
1674,1695,0.6956521739130435
1749,2303,0.6956521739130435
1749,3417,0.6956521739130435
1749,3516,0.6956521739130435
2002,3048,0.6956521739130435
2002,3626,0.6956521739130435
2198,3756,0.6956521739130435
2512,3923,0.6956521739130435
2713,3385,0.6956521739130435
2849,3250,0.6956521739130435
2875,3970,0.6956521739130435
1176,3282,0.696969696969697
144,3617,0.6976744186046512
5,2854,0.7
8,2454,0.7
10,3817,0.7
28,1414,0.7
30,2300,0.7
42,414,0.7
66,3322,0.7
71,3738,0.7
88,2033,0.7
93,3006,0.7
94,2960,0.7
131,169,0.7
134,1049,0.7
147,736,0.7
155,3578,0.7
160,2878,0.7
164,1546,0.7
194,3093,0.7
196,3331,0.7
200,2545,0.7
214,301,0.7
218,2579,0.7
235,3691,0.7
258,3133,0.7
258,3157,0.7
268,738,0.7
271,3054,0.7
277,1081,0.7
294,387,0.7
298,1581,0.7
319,1309,0.7
363,1252,0.7
387,2025,0.7
399,1260,0.7
400,2239,0.7
401,2773,0.7
408,3203,0.7
433,3569,0.7
436,1435,0.7
452,2416,0.7
475,3665,0.7
498,1573,0.7
501,3554,0.7
515,2442,0.7
515,3141,0.7
519,745,0.7
542,1466,0.7
555,2465,0.7
560,814,0.7
568,2126,0.7
568,3686,0.7
584,857,0.7
589,2916,0.7
592,3904,0.7
602,1660,0.7
619,1679,0.7
622,2002,0.7
635,928,0.7
683,2235,0.7
726,3939,0.7
729,3064,0.7
736,3763,0.7
751,767,0.7
769,3444,0.7
792,2560,0.7
814,913,0.7
825,1410,0.7
828,970,0.7
842,3938,0.7
897,2810,0.7
915,1929,0.7
921,3617,0.7
970,2574,0.7
988,1335,0.7
997,2021,0.7
1017,2346,0.7
1023,2196,0.7
1032,1078,0.7
1073,3067,0.7
1101,2821,0.7
1101,3361,0.7
1118,1585,0.7
1132,1511,0.7
1157,3046,0.7
1171,1987,0.7
1184,1977,0.7
1200,1411,0.7
1203,3022,0.7
1232,2315,0.7
1304,2134,0.7
1349,3020,0.7
1353,2269,0.7
1386,1442,0.7
1424,3658,0.7
1428,2915,0.7
1455,3331,0.7
1458,2639,0.7
1487,3271,0.7
1491,3286,0.7
1505,3945,0.7
1518,2431,0.7
1569,1665,0.7
1580,3321,0.7
1584,1838,0.7
1632,2075,0.7
1660,2663,0.7
1689,3633,0.7
1727,1796,0.7
1729,2850,0.7
1753,2892,0.7
1758,3330,0.7
1773,3624,0.7
1821,3380,0.7
1828,3828,0.7
1843,2170,0.7
1863,3686,0.7
1880,3883,0.7
1925,2036,0.7
1938,2356,0.7
1992,3413,0.7
1995,2204,0.7
2073,2800,0.7
2163,3250,0.7
2172,2642,0.7
2178,3466,0.7
2218,2997,0.7
2239,2254,0.7
2335,2764,0.7
2336,2767,0.7
2347,2427,0.7
2382,2688,0.7
2389,2475,0.7
2412,3154,0.7
2427,3231,0.7
2443,3083,0.7
2446,3272,0.7
2497,3339,0.7
2553,3070,0.7
2599,3435,0.7
2657,3008,0.7
2719,3223,0.7
2728,3133,0.7
2781,3952,0.7
2793,3238,0.7
2850,3641,0.7
2903,2904,0.7
2906,3426,0.7
2953,3563,0.7
3032,3427,0.7
3038,3631,0.7
3089,3846,0.7
3094,3387,0.7
3234,3598,0.7
3302,3499,0.7
3656,3904,0.7
3747,3768,0.7
30,2592,0.7037037037037037
94,1455,0.7037037037037037
96,2754,0.7037037037037037
127,2907,0.7037037037037037
315,2718,0.7037037037037037
424,3964,0.7037037037037037
1382,3628,0.7037037037037037
1676,2360,0.7037037037037037
2632,2827,0.7037037037037037
39,108,0.7058823529411764
52,2351,0.7058823529411764
57,3402,0.7058823529411764
79,3694,0.7058823529411764
106,2111,0.7058823529411764
110,966,0.7058823529411764
148,2223,0.7058823529411764
153,2266,0.7058823529411764
154,506,0.7058823529411764
191,3596,0.7058823529411764
198,2239,0.7058823529411764
244,3330,0.7058823529411764
251,2687,0.7058823529411764
330,3469,0.7058823529411764
372,2496,0.7058823529411764
394,1333,0.7058823529411764
398,2305,0.7058823529411764
543,1714,0.7058823529411764
547,2406,0.7058823529411764
547,3185,0.7058823529411764
564,2476,0.7058823529411764
587,1278,0.7058823529411764
637,2402,0.7058823529411764
654,1418,0.7058823529411764
681,1635,0.7058823529411764
735,2208,0.7058823529411764
740,2564,0.7058823529411764
807,3174,0.7058823529411764
820,3917,0.7058823529411764
845,2993,0.7058823529411764
890,1997,0.7058823529411764
896,2531,0.7058823529411764
910,1673,0.7058823529411764
937,3400,0.7058823529411764
940,3592,0.7058823529411764
982,3874,0.7058823529411764
1002,3853,0.7058823529411764
1014,3197,0.7058823529411764
1061,2725,0.7058823529411764
1118,1553,0.7058823529411764
1181,2114,0.7058823529411764
1315,1877,0.7058823529411764
1325,3868,0.7058823529411764
1335,2534,0.7058823529411764
1339,2389,0.7058823529411764
1349,3083,0.7058823529411764
1400,3484,0.7058823529411764
1413,1909,0.7058823529411764
1423,3330,0.7058823529411764
1444,3408,0.7058823529411764
1543,3216,0.7058823529411764
1558,2771,0.7058823529411764
1602,1874,0.7058823529411764
1643,2752,0.7058823529411764
1726,3750,0.7058823529411764
1931,2562,0.7058823529411764
1937,2336,0.7058823529411764
1960,2324,0.7058823529411764
2099,2457,0.7058823529411764
2167,3003,0.7058823529411764
2232,2389,0.7058823529411764
2463,2649,0.7058823529411764
2562,2774,0.7058823529411764
2688,3876,0.7058823529411764
2769,3695,0.7058823529411764
2874,3524,0.7058823529411764
2888,3519,0.7058823529411764
2914,2991,0.7058823529411764
3077,3797,0.7058823529411764
3238,3467,0.7058823529411764
3552,3666,0.7058823529411764
3658,3684,0.7058823529411764
4,1266,0.7083333333333333
92,2456,0.7083333333333333
127,2606,0.7083333333333333
208,1283,0.7083333333333333
253,2619,0.7083333333333333
257,2455,0.7083333333333333
322,642,0.7083333333333333
414,3259,0.7083333333333333
508,2544,0.7083333333333333
510,2562,0.7083333333333333
521,3070,0.7083333333333333
586,3274,0.7083333333333333
1082,3107,0.7083333333333333
1269,1531,0.7083333333333333
1407,1732,0.7083333333333333
1644,2921,0.7083333333333333
1707,2889,0.7083333333333333
1909,3715,0.7083333333333333
2292,2712,0.7083333333333333
2433,3838,0.7083333333333333
2469,3384,0.7083333333333333
2474,2687,0.7083333333333333
2543,3886,0.7083333333333333
3424,3650,0.7083333333333333
980,1479,0.7096774193548387
1953,2718,0.7096774193548387
4,903,0.7142857142857143
7,1264,0.7142857142857143
18,2940,0.7142857142857143
19,1196,0.7142857142857143
36,1945,0.7142857142857143
40,709,0.7142857142857143
51,1563,0.7142857142857143
59,1270,0.7142857142857143
62,3260,0.7142857142857143
75,2887,0.7142857142857143
80,369,0.7142857142857143
84,2491,0.7142857142857143
104,3209,0.7142857142857143
108,3378,0.7142857142857143
112,1139,0.7142857142857143
113,3132,0.7142857142857143
123,3815,0.7142857142857143
128,269,0.7142857142857143
134,1613,0.7142857142857143
179,1764,0.7142857142857143
194,3031,0.7142857142857143
195,629,0.7142857142857143
203,2825,0.7142857142857143
204,3799,0.7142857142857143
207,425,0.7142857142857143
223,2382,0.7142857142857143
225,2208,0.7142857142857143
228,2262,0.7142857142857143
235,2361,0.7142857142857143
250,1656,0.7142857142857143
273,1198,0.7142857142857143
283,3085,0.7142857142857143
286,1011,0.7142857142857143
314,3287,0.7142857142857143
345,2239,0.7142857142857143
370,3694,0.7142857142857143
378,3286,0.7142857142857143
415,3723,0.7142857142857143
427,2328,0.7142857142857143
440,3486,0.7142857142857143
463,1193,0.7142857142857143
476,500,0.7142857142857143
486,2814,0.7142857142857143
500,608,0.7142857142857143
506,3439,0.7142857142857143
522,2109,0.7142857142857143
560,3593,0.7142857142857143
570,1138,0.7142857142857143
583,3933,0.7142857142857143
587,729,0.7142857142857143
607,1932,0.7142857142857143
619,2627,0.7142857142857143
630,1293,0.7142857142857143
630,2087,0.7142857142857143
630,2323,0.7142857142857143
632,1913,0.7142857142857143
661,2296,0.7142857142857143
683,2336,0.7142857142857143
698,1502,0.7142857142857143
785,3579,0.7142857142857143
789,974,0.7142857142857143
802,3652,0.7142857142857143
807,1465,0.7142857142857143
812,1070,0.7142857142857143
822,1129,0.7142857142857143
824,1433,0.7142857142857143
827,1822,0.7142857142857143
852,1855,0.7142857142857143
863,2533,0.7142857142857143
864,2632,0.7142857142857143
887,916,0.7142857142857143
912,1839,0.7142857142857143
916,1748,0.7142857142857143
918,3212,0.7142857142857143
941,1858,0.7142857142857143
964,3440,0.7142857142857143
976,2035,0.7142857142857143
978,1307,0.7142857142857143
991,2973,0.7142857142857143
1014,3663,0.7142857142857143
1044,1807,0.7142857142857143
1064,3652,0.7142857142857143
1091,1267,0.7142857142857143
1128,3104,0.7142857142857143
1130,2923,0.7142857142857143
1152,2490,0.7142857142857143
1154,2459,0.7142857142857143
1161,1379,0.7142857142857143
1188,2559,0.7142857142857143
1218,2599,0.7142857142857143
1232,1763,0.7142857142857143
1243,2266,0.7142857142857143
1271,3663,0.7142857142857143
1273,3316,0.7142857142857143
1306,1614,0.7142857142857143
1335,2658,0.7142857142857143
1335,3265,0.7142857142857143
1338,2214,0.7142857142857143
1377,1665,0.7142857142857143
1435,3833,0.7142857142857143
1446,1920,0.7142857142857143
1459,2762,0.7142857142857143
1460,2798,0.7142857142857143
1463,3595,0.7142857142857143
1516,3732,0.7142857142857143
1529,3039,0.7142857142857143
1533,3956,0.7142857142857143
1534,2734,0.7142857142857143
1552,2338,0.7142857142857143
1568,2747,0.7142857142857143
1570,2789,0.7142857142857143
1571,3485,0.7142857142857143
1578,3882,0.7142857142857143
1633,2208,0.7142857142857143
1650,2619,0.7142857142857143
1671,2690,0.7142857142857143
1686,3715,0.7142857142857143
1694,3099,0.7142857142857143
1719,3632,0.7142857142857143
1741,3558,0.7142857142857143
1747,2057,0.7142857142857143
1755,2968,0.7142857142857143
1769,3464,0.7142857142857143
1783,3841,0.7142857142857143
1784,3017,0.7142857142857143
1787,2074,0.7142857142857143
1792,2984,0.7142857142857143
1800,3028,0.7142857142857143
1804,2496,0.7142857142857143
1808,3892,0.7142857142857143
1811,2331,0.7142857142857143
1843,2163,0.7142857142857143
1861,3182,0.7142857142857143
1864,3523,0.7142857142857143
1884,3562,0.7142857142857143
1901,3806,0.7142857142857143
1913,3383,0.7142857142857143
1925,3806,0.7142857142857143
1986,2901,0.7142857142857143
1987,2176,0.7142857142857143
2008,3819,0.7142857142857143
2014,3511,0.7142857142857143
2017,2934,0.7142857142857143
2032,3635,0.7142857142857143
2047,3460,0.7142857142857143
2050,3443,0.7142857142857143
2072,2669,0.7142857142857143
2133,3342,0.7142857142857143
2153,3020,0.7142857142857143
2158,3032,0.7142857142857143
2170,2459,0.7142857142857143
2183,2673,0.7142857142857143
2217,2454,0.7142857142857143
2266,3236,0.7142857142857143
2267,3284,0.7142857142857143
2271,3686,0.7142857142857143
2275,2683,0.7142857142857143
2286,2771,0.7142857142857143
2315,2385,0.7142857142857143
2331,3149,0.7142857142857143
2344,3785,0.7142857142857143
2436,3789,0.7142857142857143
2484,3114,0.7142857142857143
2484,3969,0.7142857142857143
2509,3417,0.7142857142857143
2510,2936,0.7142857142857143
2551,2821,0.7142857142857143
2572,3245,0.7142857142857143
2587,3513,0.7142857142857143
2714,3681,0.7142857142857143
2790,2984,0.7142857142857143
2806,3917,0.7142857142857143
2848,3200,0.7142857142857143
2869,3345,0.7142857142857143
2891,3179,0.7142857142857143
2898,3088,0.7142857142857143
2911,3900,0.7142857142857143
2916,3440,0.7142857142857143
2968,3767,0.7142857142857143
3009,3021,0.7142857142857143
3023,3867,0.7142857142857143
3058,3665,0.7142857142857143
3089,3216,0.7142857142857143
3138,3396,0.7142857142857143
3219,3743,0.7142857142857143
3366,3869,0.7142857142857143
3493,3936,0.7142857142857143
3549,3658,0.7142857142857143
3607,3878,0.7142857142857143
864,2502,0.71875
8,1900,0.72
14,585,0.72
69,3113,0.72
267,337,0.72
308,315,0.72
414,3282,0.72
558,3100,0.72
610,1739,0.72
642,1258,0.72
965,3295,0.72
1149,2254,0.72
1150,1381,0.72
1169,2566,0.72
1212,1404,0.72
1369,2606,0.72
1391,2280,0.72
1404,3639,0.72
1459,3568,0.72
1499,3318,0.72
1933,2129,0.72
2311,3281,0.72
2497,3276,0.72
2678,2846,0.72
2758,3432,0.72
2871,3666,0.72
2964,3662,0.72
3065,3666,0.72
8,2357,0.7222222222222222
27,1051,0.7222222222222222
42,2516,0.7222222222222222
50,2466,0.7222222222222222
84,3135,0.7222222222222222
106,1216,0.7222222222222222
106,1334,0.7222222222222222
121,2715,0.7222222222222222
124,2232,0.7222222222222222
127,2301,0.7222222222222222
145,3596,0.7222222222222222
251,2364,0.7222222222222222
259,1795,0.7222222222222222
397,2239,0.7222222222222222
405,1055,0.7222222222222222
433,3379,0.7222222222222222
506,1385,0.7222222222222222
512,2717,0.7222222222222222
531,3203,0.7222222222222222
566,874,0.7222222222222222
580,2066,0.7222222222222222
587,2119,0.7222222222222222
611,3182,0.7222222222222222
637,3261,0.7222222222222222
731,1098,0.7222222222222222
750,1613,0.7222222222222222
850,1867,0.7222222222222222
867,1607,0.7222222222222222
880,2965,0.7222222222222222
889,1932,0.7222222222222222
932,1262,0.7222222222222222
942,1207,0.7222222222222222
944,2856,0.7222222222222222
966,1779,0.7222222222222222
996,1152,0.7222222222222222
1040,2844,0.7222222222222222
1058,3352,0.7222222222222222
1090,2937,0.7222222222222222
1115,3524,0.7222222222222222
1181,1432,0.7222222222222222
1187,2875,0.7222222222222222
1193,2531,0.7222222222222222
1197,1627,0.7222222222222222
1217,1959,0.7222222222222222
1224,2408,0.7222222222222222
1269,2826,0.7222222222222222
1349,3869,0.7222222222222222
1365,3620,0.7222222222222222
1532,2080,0.7222222222222222
1538,3097,0.7222222222222222
1557,2106,0.7222222222222222
1568,3003,0.7222222222222222
1613,3585,0.7222222222222222
1628,3939,0.7222222222222222
1637,3342,0.7222222222222222
1674,2406,0.7222222222222222
1771,1817,0.7222222222222222
1903,3781,0.7222222222222222
1986,3483,0.7222222222222222
2023,3044,0.7222222222222222
2094,3805,0.7222222222222222
2122,2531,0.7222222222222222
2148,2854,0.7222222222222222
2197,3227,0.7222222222222222
2485,3251,0.7222222222222222
2628,2733,0.7222222222222222
2762,2785,0.7222222222222222
2771,3166,0.7222222222222222
2939,3816,0.7222222222222222
94,3958,0.7241379310344828
161,3265,0.7241379310344828
224,917,0.7241379310344828
357,3210,0.7241379310344828
424,1669,0.7241379310344828
503,2692,0.7241379310344828
2784,2865,0.7241379310344828
3325,3951,0.7241379310344828
3,974,0.7272727272727273
18,2610,0.7272727272727273
29,2640,0.7272727272727273
51,561,0.7272727272727273
51,3864,0.7272727272727273
99,3788,0.7272727272727273
104,3836,0.7272727272727273
112,1486,0.7272727272727273
113,922,0.7272727272727273
122,3241,0.7272727272727273
127,433,0.7272727272727273
128,3348,0.7272727272727273
168,3798,0.7272727272727273
176,474,0.7272727272727273
177,3577,0.7272727272727273
210,3722,0.7272727272727273
222,3789,0.7272727272727273
224,2562,0.7272727272727273
253,978,0.7272727272727273
263,492,0.7272727272727273
276,1512,0.7272727272727273
284,1887,0.7272727272727273
303,3226,0.7272727272727273
319,480,0.7272727272727273
335,3367,0.7272727272727273
375,1855,0.7272727272727273
387,2810,0.7272727272727273
413,1399,0.7272727272727273
414,1390,0.7272727272727273
484,1069,0.7272727272727273
502,626,0.7272727272727273
510,1539,0.7272727272727273
549,3305,0.7272727272727273
553,3780,0.7272727272727273
564,2932,0.7272727272727273
571,2288,0.7272727272727273
573,647,0.7272727272727273
576,2542,0.7272727272727273
594,934,0.7272727272727273
604,1397,0.7272727272727273
612,719,0.7272727272727273
647,3786,0.7272727272727273
675,824,0.7272727272727273
688,2416,0.7272727272727273
697,3140,0.7272727272727273
709,757,0.7272727272727273
726,1493,0.7272727272727273
762,3222,0.7272727272727273
798,3834,0.7272727272727273
814,1634,0.7272727272727273
816,1566,0.7272727272727273
825,3562,0.7272727272727273
832,1483,0.7272727272727273
868,2283,0.7272727272727273
871,3272,0.7272727272727273
876,913,0.7272727272727273
886,1042,0.7272727272727273
899,1675,0.7272727272727273
912,2761,0.7272727272727273
939,2972,0.7272727272727273
976,1990,0.7272727272727273
1023,3247,0.7272727272727273
1062,2684,0.7272727272727273
1081,2068,0.7272727272727273
1084,3535,0.7272727272727273
1092,2103,0.7272727272727273
1118,3882,0.7272727272727273
1132,3479,0.7272727272727273
1137,2118,0.7272727272727273
1146,1326,0.7272727272727273
1157,2581,0.7272727272727273
1157,3962,0.7272727272727273
1186,2934,0.7272727272727273
1222,2992,0.7272727272727273
1262,2812,0.7272727272727273
1299,1441,0.7272727272727273
1321,2363,0.7272727272727273
1342,1912,0.7272727272727273
1353,3022,0.7272727272727273
1375,2877,0.7272727272727273
1392,3063,0.7272727272727273
1408,1938,0.7272727272727273
1442,2618,0.7272727272727273
1461,3856,0.7272727272727273
1492,3098,0.7272727272727273
1499,2621,0.7272727272727273
1506,2238,0.7272727272727273
1512,2276,0.7272727272727273
1518,2118,0.7272727272727273
1572,2920,0.7272727272727273
1622,3587,0.7272727272727273
1657,1870,0.7272727272727273
1682,3435,0.7272727272727273
1713,2338,0.7272727272727273
1766,3342,0.7272727272727273
1798,3170,0.7272727272727273
1807,3545,0.7272727272727273
1839,3097,0.7272727272727273
1846,2300,0.7272727272727273
1892,2690,0.7272727272727273
1908,2093,0.7272727272727273
1981,3965,0.7272727272727273
1989,2072,0.7272727272727273
2095,2262,0.7272727272727273
2111,3520,0.7272727272727273
2125,2325,0.7272727272727273
2125,3456,0.7272727272727273
2142,2283,0.7272727272727273
2228,3392,0.7272727272727273
2252,2276,0.7272727272727273
2276,3707,0.7272727272727273
2286,3824,0.7272727272727273
2296,2604,0.7272727272727273
2302,3559,0.7272727272727273
2325,3465,0.7272727272727273
2356,2917,0.7272727272727273
2407,2657,0.7272727272727273
2411,3686,0.7272727272727273
2425,3317,0.7272727272727273
2430,3263,0.7272727272727273
2462,3370,0.7272727272727273
2535,3154,0.7272727272727273
2542,3154,0.7272727272727273
2598,3654,0.7272727272727273
2639,3610,0.7272727272727273
2643,2857,0.7272727272727273
2655,3920,0.7272727272727273
2725,2926,0.7272727272727273
2803,3037,0.7272727272727273
2818,3307,0.7272727272727273
2821,2824,0.7272727272727273
2927,3767,0.7272727272727273
2957,3395,0.7272727272727273
3046,3672,0.7272727272727273
3089,3196,0.7272727272727273
3089,3381,0.7272727272727273
3109,3327,0.7272727272727273
3288,3305,0.7272727272727273
3434,3789,0.7272727272727273
62,1546,0.7307692307692308
94,616,0.7307692307692308
114,1955,0.7307692307692308
200,693,0.7307692307692308
308,900,0.7307692307692308
503,616,0.7307692307692308
1406,2529,0.7307692307692308
1573,3605,0.7307692307692308
2422,2632,0.7307692307692308
2657,2710,0.7307692307692308
2660,3628,0.7307692307692308
2845,3424,0.7307692307692308
3043,3546,0.7307692307692308
3754,3764,0.7307692307692308
3,2135,0.7333333333333334
7,2090,0.7333333333333334
7,2513,0.7333333333333334
7,2547,0.7333333333333334
15,1106,0.7333333333333334
47,237,0.7333333333333334
59,2802,0.7333333333333334
64,2164,0.7333333333333334
76,1219,0.7333333333333334
150,2585,0.7333333333333334
167,3829,0.7333333333333334
204,483,0.7333333333333334
212,1908,0.7333333333333334
214,2206,0.7333333333333334
272,484,0.7333333333333334
297,366,0.7333333333333334
301,1357,0.7333333333333334
314,1658,0.7333333333333334
318,3212,0.7333333333333334
334,3578,0.7333333333333334
347,3200,0.7333333333333334
379,1543,0.7333333333333334
388,1427,0.7333333333333334
409,1337,0.7333333333333334
413,684,0.7333333333333334
424,2290,0.7333333333333334
452,667,0.7333333333333334
456,2052,0.7333333333333334
457,3508,0.7333333333333334
470,2283,0.7333333333333334
560,707,0.7333333333333334
593,1187,0.7333333333333334
609,1615,0.7333333333333334
656,1886,0.7333333333333334
663,2102,0.7333333333333334
668,781,0.7333333333333334
699,3430,0.7333333333333334
748,3446,0.7333333333333334
782,3605,0.7333333333333334
824,1090,0.7333333333333334
847,1254,0.7333333333333334
904,3227,0.7333333333333334
924,1509,0.7333333333333334
930,3095,0.7333333333333334
935,2684,0.7333333333333334
946,1769,0.7333333333333334
985,1912,0.7333333333333334
1014,2515,0.7333333333333334
1042,2327,0.7333333333333334
1072,1887,0.7333333333333334
1135,1957,0.7333333333333334
1148,1514,0.7333333333333334
1152,2608,0.7333333333333334
1158,3270,0.7333333333333334
1182,3962,0.7333333333333334
1229,3647,0.7333333333333334
1236,2402,0.7333333333333334
1280,3494,0.7333333333333334
1297,1895,0.7333333333333334
1317,3429,0.7333333333333334
1318,2305,0.7333333333333334
1364,2365,0.7333333333333334
1393,3369,0.7333333333333334
1394,2907,0.7333333333333334
1450,3360,0.7333333333333334
1453,1526,0.7333333333333334
1462,3185,0.7333333333333334
1470,2296,0.7333333333333334
1503,3265,0.7333333333333334
1509,2825,0.7333333333333334
1583,2162,0.7333333333333334
1584,3688,0.7333333333333334
1586,3081,0.7333333333333334
1586,3406,0.7333333333333334
1594,2673,0.7333333333333334
1616,1727,0.7333333333333334
1623,1886,0.7333333333333334
1767,3438,0.7333333333333334
1805,3380,0.7333333333333334
1819,3814,0.7333333333333334
1912,3844,0.7333333333333334
1923,2620,0.7333333333333334
1976,3827,0.7333333333333334
1981,2044,0.7333333333333334
2035,3517,0.7333333333333334
2085,3360,0.7333333333333334
2243,3400,0.7333333333333334
2282,2666,0.7333333333333334
2296,3903,0.7333333333333334
2357,3565,0.7333333333333334
2381,3503,0.7333333333333334
2451,3089,0.7333333333333334
2554,3950,0.7333333333333334
2597,3299,0.7333333333333334
2665,3541,0.7333333333333334
2733,3513,0.7333333333333334
2770,3013,0.7333333333333334
2811,3782,0.7333333333333334
2832,3798,0.7333333333333334
2835,2857,0.7333333333333334
2872,2885,0.7333333333333334
2882,2968,0.7333333333333334
3028,3739,0.7333333333333334
3097,3675,0.7333333333333334
3353,3708,0.7333333333333334
3536,3694,0.7333333333333334
1209,2571,0.7352941176470589
1915,3253,0.7352941176470589
2,1702,0.736842105263158
26,2879,0.736842105263158
28,1888,0.736842105263158
53,2509,0.736842105263158
57,2375,0.736842105263158
84,3623,0.736842105263158
93,1533,0.736842105263158
93,3257,0.736842105263158
103,1745,0.736842105263158
157,2601,0.736842105263158
197,2545,0.736842105263158
201,3647,0.736842105263158
211,3491,0.736842105263158
213,639,0.736842105263158
221,3633,0.736842105263158
231,1699,0.736842105263158
266,986,0.736842105263158
278,3905,0.736842105263158
300,939,0.736842105263158
377,850,0.736842105263158
381,2915,0.736842105263158
413,1283,0.736842105263158
420,2153,0.736842105263158
430,1481,0.736842105263158
462,1079,0.736842105263158
505,3534,0.736842105263158
511,1632,0.736842105263158
617,1877,0.736842105263158
622,2228,0.736842105263158
622,3022,0.736842105263158
631,3229,0.736842105263158
677,1511,0.736842105263158
735,1525,0.736842105263158
741,1111,0.736842105263158
791,2192,0.736842105263158
808,2069,0.736842105263158
952,1432,0.736842105263158
953,1480,0.736842105263158
967,2791,0.736842105263158
975,1674,0.736842105263158
992,3111,0.736842105263158
1037,2751,0.736842105263158
1040,1987,0.736842105263158
1125,3052,0.736842105263158
1133,3081,0.736842105263158
1252,2634,0.736842105263158
1262,1295,0.736842105263158
1269,3263,0.736842105263158
1308,3718,0.736842105263158
1312,2132,0.736842105263158
1345,1586,0.736842105263158
1353,2856,0.736842105263158
1476,2141,0.736842105263158
1522,1782,0.736842105263158
1573,3447,0.736842105263158
1574,3174,0.736842105263158
1643,1993,0.736842105263158
1649,2582,0.736842105263158
1815,3782,0.736842105263158
1865,3790,0.736842105263158
1955,2061,0.736842105263158
1975,2678,0.736842105263158
1986,2509,0.736842105263158
1996,2712,0.736842105263158
2199,2466,0.736842105263158
2210,2762,0.736842105263158
2269,3407,0.736842105263158
2296,3873,0.736842105263158
2323,2954,0.736842105263158
2340,3939,0.736842105263158
2383,3313,0.736842105263158
2445,2638,0.736842105263158
2497,3578,0.736842105263158
2511,3440,0.736842105263158
2565,3509,0.736842105263158
2628,3428,0.736842105263158
2645,3464,0.736842105263158
2689,3835,0.736842105263158
2853,3602,0.736842105263158
2872,3840,0.736842105263158
3002,3597,0.736842105263158
3413,3521,0.736842105263158
3475,3700,0.736842105263158
3779,3859,0.736842105263158
3779,3866,0.736842105263158
61,1302,0.7391304347826086
121,557,0.7391304347826086
450,2973,0.7391304347826086
469,2239,0.7391304347826086
523,2955,0.7391304347826086
537,554,0.7391304347826086
579,885,0.7391304347826086
603,3821,0.7391304347826086
611,2378,0.7391304347826086
703,3277,0.7391304347826086
805,3416,0.7391304347826086
805,3968,0.7391304347826086
875,3588,0.7391304347826086
885,3723,0.7391304347826086
1007,1020,0.7391304347826086
1008,3408,0.7391304347826086
1077,2404,0.7391304347826086
1085,3812,0.7391304347826086
1125,1952,0.7391304347826086
1148,3087,0.7391304347826086
1274,1968,0.7391304347826086
1274,3727,0.7391304347826086
1285,2757,0.7391304347826086
1367,3200,0.7391304347826086
1576,2678,0.7391304347826086
1707,2637,0.7391304347826086
1804,3140,0.7391304347826086
1944,3242,0.7391304347826086
1969,2659,0.7391304347826086
2059,3325,0.7391304347826086
2496,2693,0.7391304347826086
2524,3162,0.7391304347826086
2536,3437,0.7391304347826086
2947,3107,0.7391304347826086
3189,3284,0.7391304347826086
42,245,0.7407407407407407
322,2837,0.7407407407407407
338,2153,0.7407407407407407
402,948,0.7407407407407407
424,2051,0.7407407407407407
544,1066,0.7407407407407407
641,2312,0.7407407407407407
772,3048,0.7407407407407407
945,3103,0.7407407407407407
995,2231,0.7407407407407407
1279,3265,0.7407407407407407
1389,2529,0.7407407407407407
1404,2819,0.7407407407407407
1629,2425,0.7407407407407407
1669,3621,0.7407407407407407
2143,3265,0.7407407407407407
3159,3466,0.7407407407407407
827,1868,0.7419354838709677
864,2571,0.7419354838709677
1331,3087,0.7419354838709677
3265,3940,0.7419354838709677
1395,1854,0.7435897435897436
6,443,0.75
7,597,0.75
7,3094,0.75
8,2320,0.75
19,1982,0.75
23,1121,0.75
23,1763,0.75
24,795,0.75
25,1563,0.75
25,2277,0.75
26,3011,0.75
28,3044,0.75
31,1291,0.75
34,426,0.75
39,3834,0.75
41,2192,0.75
51,1084,0.75
52,1326,0.75
53,386,0.75
62,3358,0.75
64,1537,0.75
67,600,0.75
70,2372,0.75
74,3868,0.75
85,3659,0.75
89,3737,0.75
94,3711,0.75
98,310,0.75
104,2957,0.75
108,2452,0.75
110,143,0.75
116,194,0.75
118,809,0.75
132,137,0.75
132,3435,0.75
136,279,0.75
140,1893,0.75
148,3453,0.75
164,805,0.75
165,1641,0.75
169,1471,0.75
170,1856,0.75
171,1670,0.75
173,1995,0.75
174,736,0.75
193,2339,0.75
193,2613,0.75
195,3737,0.75
201,936,0.75
202,3484,0.75
207,343,0.75
218,2059,0.75
230,2082,0.75
233,931,0.75
238,1232,0.75
248,961,0.75
253,3398,0.75
258,1923,0.75
261,1468,0.75
279,2194,0.75
280,1889,0.75
280,1913,0.75
286,3300,0.75
288,1652,0.75
296,1017,0.75
297,3079,0.75
297,3212,0.75
301,2866,0.75
309,3066,0.75
311,2117,0.75
316,365,0.75
333,1457,0.75
336,1909,0.75
338,1974,0.75
338,3128,0.75
338,3651,0.75
340,2356,0.75
344,1302,0.75
357,1969,0.75
363,402,0.75
365,1308,0.75
369,660,0.75
369,3661,0.75
370,3735,0.75
371,1726,0.75
376,3157,0.75
379,2651,0.75
380,2317,0.75
382,2239,0.75
384,3806,0.75
388,491,0.75
389,954,0.75
405,2837,0.75
412,638,0.75
412,3210,0.75
413,2591,0.75
427,445,0.75
432,501,0.75
435,3086,0.75
436,680,0.75
441,3806,0.75
450,557,0.75
454,2457,0.75
457,2462,0.75
459,473,0.75
459,1344,0.75
465,1350,0.75
467,1361,0.75
477,2190,0.75
478,2518,0.75
488,3133,0.75
499,3330,0.75
511,666,0.75
513,1521,0.75
515,679,0.75
522,3026,0.75
527,921,0.75
530,1487,0.75
533,3684,0.75
537,853,0.75
538,1635,0.75
542,553,0.75
542,2529,0.75
545,3061,0.75
547,743,0.75
553,1036,0.75
572,3600,0.75
573,3913,0.75
592,2896,0.75
596,2551,0.75
599,3563,0.75
614,1548,0.75
617,3403,0.75
624,3091,0.75
625,3342,0.75
626,3004,0.75
630,1609,0.75
635,3637,0.75
639,915,0.75
640,2799,0.75
649,2338,0.75
650,3540,0.75
653,2064,0.75
657,949,0.75
673,1810,0.75
674,3559,0.75
685,994,0.75
695,3538,0.75
704,734,0.75
707,3899,0.75
708,775,0.75
716,1467,0.75
717,1998,0.75
720,970,0.75
721,1732,0.75
725,1412,0.75
725,2331,0.75
736,1780,0.75
749,844,0.75
750,859,0.75
750,1148,0.75
750,3816,0.75
760,2296,0.75
769,969,0.75
769,3574,0.75
771,2423,0.75
771,3075,0.75
776,2300,0.75
787,3704,0.75
788,1432,0.75
800,3283,0.75
802,3351,0.75
806,2457,0.75
814,3721,0.75
824,3281,0.75
825,1591,0.75
833,991,0.75
834,3286,0.75
838,1058,0.75
842,1087,0.75
842,3530,0.75
843,2451,0.75
863,1767,0.75
878,1546,0.75
886,2339,0.75
894,1541,0.75
897,1641,0.75
899,1350,0.75
899,3954,0.75
907,3140,0.75
912,1815,0.75
917,2429,0.75
931,1355,0.75
936,3278,0.75
943,1024,0.75
952,3009,0.75
961,1011,0.75
964,3001,0.75
982,1872,0.75
986,3521,0.75
991,2113,0.75
995,1988,0.75
1005,3690,0.75
1014,3305,0.75
1016,1296,0.75
1018,2159,0.75
1034,2457,0.75
1049,1395,0.75
1076,1335,0.75
1097,1101,0.75
1102,3647,0.75
1106,2919,0.75
1111,2665,0.75
1122,2220,0.75
1126,3681,0.75
1134,2969,0.75
1152,3214,0.75
1153,1733,0.75
1167,3325,0.75
1170,3743,0.75
1177,1762,0.75
1177,2890,0.75
1195,2719,0.75
1207,3518,0.75
1208,1598,0.75
1227,2576,0.75
1237,1493,0.75
1247,2338,0.75
1267,2922,0.75
1305,2683,0.75
1318,1411,0.75
1326,2240,0.75
1330,3868,0.75
1335,1731,0.75
1359,1622,0.75
1360,1859,0.75
1370,2705,0.75
1379,2900,0.75
1390,3648,0.75
1405,2424,0.75
1412,2868,0.75
1417,1778,0.75
1426,1997,0.75
1430,2389,0.75
1443,3018,0.75
1446,3389,0.75
1452,2722,0.75
1456,1634,0.75
1457,2588,0.75
1457,3338,0.75
1458,3126,0.75
1471,3679,0.75
1476,2188,0.75
1476,3457,0.75
1483,1871,0.75
1496,3362,0.75
1504,2893,0.75
1516,1615,0.75
1535,2361,0.75
1541,1995,0.75
1549,2113,0.75
1551,2066,0.75
1577,1869,0.75
1601,3194,0.75
1631,3080,0.75
1705,2503,0.75
1747,2759,0.75
1763,2953,0.75
1763,3060,0.75
1764,3380,0.75
1765,3802,0.75
1771,3795,0.75
1774,3350,0.75
1776,3659,0.75
1781,3271,0.75
1782,2872,0.75
1786,2633,0.75
1810,3696,0.75
1818,2432,0.75
1823,3502,0.75
1824,2562,0.75
1839,3482,0.75
1840,2775,0.75
1856,3433,0.75
1869,3204,0.75
1875,2723,0.75
1917,3129,0.75
1917,3246,0.75
1921,3885,0.75
1942,2660,0.75
1947,3446,0.75
1950,3536,0.75
1952,3388,0.75
1971,3326,0.75
1979,3346,0.75
2001,3090,0.75
2002,3437,0.75
2009,2349,0.75
2011,2839,0.75
2020,2806,0.75
2024,2554,0.75
2027,3814,0.75
2043,2145,0.75
2043,2353,0.75
2068,3374,0.75
2070,3066,0.75
2101,2826,0.75
2102,2561,0.75
2123,2179,0.75
2152,2949,0.75
2152,3583,0.75
2154,2516,0.75
2221,2228,0.75
2224,3881,0.75
2236,2367,0.75
2244,2858,0.75
2244,2966,0.75
2260,3480,0.75
2270,3028,0.75
2278,2818,0.75
2283,2415,0.75
2304,3798,0.75
2315,2371,0.75
2359,3171,0.75
2360,3029,0.75
2382,2570,0.75
2415,3805,0.75
2420,3879,0.75
2424,3589,0.75
2432,3877,0.75
2448,3292,0.75
2462,3368,0.75
2469,3942,0.75
2505,3761,0.75
2522,3604,0.75
2545,2735,0.75
2545,2836,0.75
2552,3600,0.75
2565,2932,0.75
2581,3719,0.75
2586,3572,0.75
2588,3045,0.75
2589,2742,0.75
2663,2858,0.75
2703,2937,0.75
2739,3926,0.75
2792,3611,0.75
2825,3697,0.75
2833,3236,0.75
2843,3504,0.75
2859,3938,0.75
2869,3433,0.75
2907,3473,0.75
2933,2935,0.75
2983,3427,0.75
2985,3148,0.75
3000,3121,0.75
3007,3415,0.75
3025,3774,0.75
3035,3520,0.75
3037,3310,0.75
3048,3291,0.75
3062,3515,0.75
3073,3083,0.75
3193,3482,0.75
3505,3882,0.75
3600,3707,0.75
3603,3605,0.75
3624,3668,0.75
3664,3722,0.75
3893,3959,0.75
3908,3941,0.75
546,2527,0.7575757575757576
706,2543,0.7575757575757576
2321,3821,0.7575757575757576
161,1848,0.7586206896551724
447,2747,0.7586206896551724
663,1228,0.7586206896551724
978,3613,0.7586206896551724
1143,3945,0.7586206896551724
1625,1933,0.7586206896551724
2102,3910,0.7586206896551724
2466,3015,0.7586206896551724
62,517,0.76
229,2079,0.76
300,2048,0.76
472,503,0.76
495,3440,0.76
544,552,0.76
830,3598,0.76
893,1422,0.76
949,2209,0.76
1048,3858,0.76
1076,2216,0.76
1242,3951,0.76
1258,2147,0.76
1295,2418,0.76
1323,1954,0.76
1454,2048,0.76
1611,2836,0.76
1825,3580,0.76
2103,3845,0.76
2184,3123,0.76
2244,2777,0.76
2378,3612,0.76
2556,2926,0.76
2851,3344,0.76
2900,3787,0.76
3277,3336,0.76
4,2127,0.7619047619047619
101,2176,0.7619047619047619
221,2444,0.7619047619047619
263,1573,0.7619047619047619
396,580,0.7619047619047619
563,3867,0.7619047619047619
606,2306,0.7619047619047619
655,1595,0.7619047619047619
677,968,0.7619047619047619
749,1116,0.7619047619047619
799,991,0.7619047619047619
803,1358,0.7619047619047619
803,2434,0.7619047619047619
851,2699,0.7619047619047619
907,1704,0.7619047619047619
951,3436,0.7619047619047619
984,2244,0.7619047619047619
1053,1693,0.7619047619047619
1140,3484,0.7619047619047619
1222,2009,0.7619047619047619
1227,2495,0.7619047619047619
1231,2244,0.7619047619047619
1263,3052,0.7619047619047619
1310,3009,0.7619047619047619
1349,3050,0.7619047619047619
1355,1373,0.7619047619047619
1437,3423,0.7619047619047619
1521,3676,0.7619047619047619
1638,2159,0.7619047619047619
1639,2582,0.7619047619047619
1754,2137,0.7619047619047619
1804,2441,0.7619047619047619
1917,2901,0.7619047619047619
2139,2469,0.7619047619047619
2199,2745,0.7619047619047619
2206,3228,0.7619047619047619
2262,3181,0.7619047619047619
2268,2300,0.7619047619047619
2272,3792,0.7619047619047619
2453,2466,0.7619047619047619
2511,2586,0.7619047619047619
2532,3097,0.7619047619047619
2689,2736,0.7619047619047619
2740,3905,0.7619047619047619
3094,3730,0.7619047619047619
3336,3543,0.7619047619047619
3489,3562,0.7619047619047619
3663,3862,0.7619047619047619
7,1348,0.7647058823529411
45,3557,0.7647058823529411
67,852,0.7647058823529411
106,861,0.7647058823529411
174,796,0.7647058823529411
181,2619,0.7647058823529411
192,218,0.7647058823529411
206,928,0.7647058823529411
227,2665,0.7647058823529411
329,2486,0.7647058823529411
358,2457,0.7647058823529411
370,2088,0.7647058823529411
385,877,0.7647058823529411
385,2326,0.7647058823529411
394,641,0.7647058823529411
413,682,0.7647058823529411
468,2473,0.7647058823529411
529,1092,0.7647058823529411
637,1691,0.7647058823529411
722,3534,0.7647058823529411
723,3780,0.7647058823529411
740,1785,0.7647058823529411
760,2042,0.7647058823529411
785,3176,0.7647058823529411
839,3380,0.7647058823529411
875,3759,0.7647058823529411
878,1000,0.7647058823529411
898,3778,0.7647058823529411
956,3238,0.7647058823529411
975,1920,0.7647058823529411
1007,2358,0.7647058823529411
1010,2127,0.7647058823529411
1010,2289,0.7647058823529411
1030,1350,0.7647058823529411
1047,3436,0.7647058823529411
1067,2269,0.7647058823529411
1165,2899,0.7647058823529411
1241,2257,0.7647058823529411
1250,3755,0.7647058823529411
1292,3842,0.7647058823529411
1348,3033,0.7647058823529411
1374,2036,0.7647058823529411
1403,2050,0.7647058823529411
1505,2112,0.7647058823529411
1522,3170,0.7647058823529411
1559,2399,0.7647058823529411
1581,3669,0.7647058823529411
1600,2087,0.7647058823529411
1671,2968,0.7647058823529411
1698,2151,0.7647058823529411
1759,2890,0.7647058823529411
1876,3690,0.7647058823529411
1890,3665,0.7647058823529411
1895,2671,0.7647058823529411
2091,3304,0.7647058823529411
2165,3360,0.7647058823529411
2224,3215,0.7647058823529411
2229,3346,0.7647058823529411
2299,3138,0.7647058823529411
2545,3792,0.7647058823529411
2672,2967,0.7647058823529411
2877,3110,0.7647058823529411
2914,3708,0.7647058823529411
2925,3523,0.7647058823529411
2942,3483,0.7647058823529411
3141,3329,0.7647058823529411
3317,3458,0.7647058823529411
37,3605,0.7666666666666666
94,1320,0.7666666666666666
390,3886,0.7666666666666666
414,1178,0.7666666666666666
558,2037,0.7666666666666666
856,1927,0.7666666666666666
929,1048,0.7666666666666666
1066,2568,0.7666666666666666
1327,2794,0.7666666666666666
1517,1732,0.7666666666666666
1544,1894,0.7666666666666666
2141,3473,0.7666666666666666
2360,2362,0.7666666666666666
2722,3213,0.7666666666666666
3771,3874,0.7666666666666666
5,1708,0.7692307692307692
51,421,0.7692307692307692
97,2307,0.7692307692307692
123,2630,0.7692307692307692
131,3294,0.7692307692307692
190,714,0.7692307692307692
219,254,0.7692307692307692
253,2768,0.7692307692307692
262,2653,0.7692307692307692
263,2369,0.7692307692307692
270,3591,0.7692307692307692
295,3792,0.7692307692307692
321,1465,0.7692307692307692
366,2157,0.7692307692307692
370,460,0.7692307692307692
389,2157,0.7692307692307692
423,460,0.7692307692307692
427,1544,0.7692307692307692
451,1983,0.7692307692307692
453,3040,0.7692307692307692
509,2968,0.7692307692307692
567,2063,0.7692307692307692
572,2180,0.7692307692307692
620,3691,0.7692307692307692
651,1314,0.7692307692307692
704,3889,0.7692307692307692
722,1268,0.7692307692307692
724,3556,0.7692307692307692
748,3817,0.7692307692307692
755,1657,0.7692307692307692
760,2084,0.7692307692307692
777,2432,0.7692307692307692
794,1777,0.7692307692307692
794,2182,0.7692307692307692
807,1962,0.7692307692307692
808,3399,0.7692307692307692
811,1446,0.7692307692307692
818,2276,0.7692307692307692
823,3003,0.7692307692307692
868,869,0.7692307692307692
874,3198,0.7692307692307692
891,2600,0.7692307692307692
904,3811,0.7692307692307692
955,3368,0.7692307692307692
1035,2995,0.7692307692307692
1089,2933,0.7692307692307692
1103,1255,0.7692307692307692
1161,3455,0.7692307692307692
1165,2019,0.7692307692307692
1211,3701,0.7692307692307692
1220,1393,0.7692307692307692
1221,3872,0.7692307692307692
1239,1371,0.7692307692307692
1244,2280,0.7692307692307692
1264,1761,0.7692307692307692
1308,2007,0.7692307692307692
1316,2065,0.7692307692307692
1319,2840,0.7692307692307692
1321,2646,0.7692307692307692
1326,2743,0.7692307692307692
1342,3390,0.7692307692307692
1387,3161,0.7692307692307692
1472,3679,0.7692307692307692
1510,1514,0.7692307692307692
1731,1897,0.7692307692307692
1769,3777,0.7692307692307692
1778,3311,0.7692307692307692
1811,3427,0.7692307692307692
1817,3843,0.7692307692307692
1834,2279,0.7692307692307692
1879,2128,0.7692307692307692
1969,2656,0.7692307692307692
1994,3724,0.7692307692307692
1995,3837,0.7692307692307692
2018,3933,0.7692307692307692
2086,3802,0.7692307692307692
2211,2419,0.7692307692307692
2499,3964,0.7692307692307692
2634,3649,0.7692307692307692
2662,2673,0.7692307692307692
2684,3946,0.7692307692307692
2705,3741,0.7692307692307692
3027,3918,0.7692307692307692
3169,3277,0.7692307692307692
3414,3459,0.7692307692307692
3433,3931,0.7692307692307692
3512,3675,0.7692307692307692
574,3471,0.7714285714285715
1169,2961,0.7714285714285715
16,1950,0.7727272727272727
71,3655,0.7727272727272727
212,1383,0.7727272727272727
241,745,0.7727272727272727
275,2582,0.7727272727272727
433,713,0.7727272727272727
487,2721,0.7727272727272727
603,3237,0.7727272727272727
606,858,0.7727272727272727
607,2077,0.7727272727272727
681,1485,0.7727272727272727
765,1977,0.7727272727272727
872,1917,0.7727272727272727
878,1226,0.7727272727272727
968,1038,0.7727272727272727
1003,2228,0.7727272727272727
1041,1142,0.7727272727272727
1043,3753,0.7727272727272727
1046,2382,0.7727272727272727
1141,1538,0.7727272727272727
1323,1745,0.7727272727272727
1327,3211,0.7727272727272727
1473,2687,0.7727272727272727
1550,2704,0.7727272727272727
1629,3887,0.7727272727272727
1740,3059,0.7727272727272727
1857,2104,0.7727272727272727
1875,3807,0.7727272727272727
2104,3826,0.7727272727272727
2167,2173,0.7727272727272727
2395,3653,0.7727272727272727
2521,3677,0.7727272727272727
2555,3325,0.7727272727272727
2712,3421,0.7727272727272727
2879,3832,0.7727272727272727
3698,3805,0.7727272727272727
1900,3823,0.7741935483870968
2295,3178,0.7741935483870968
2360,2977,0.7741935483870968
2816,3553,0.7741935483870968
3282,3555,0.7741935483870968
914,2944,0.775
11,1873,0.7777777777777778
14,3038,0.7777777777777778
19,1461,0.7777777777777778
32,1461,0.7777777777777778
34,1078,0.7777777777777778
46,1195,0.7777777777777778
72,3311,0.7777777777777778
94,1136,0.7777777777777778
100,3789,0.7777777777777778
112,2233,0.7777777777777778
119,2644,0.7777777777777778
127,496,0.7777777777777778
139,970,0.7777777777777778
142,2742,0.7777777777777778
149,1026,0.7777777777777778
157,3962,0.7777777777777778
159,1424,0.7777777777777778
163,3835,0.7777777777777778
240,959,0.7777777777777778
258,2297,0.7777777777777778
269,2847,0.7777777777777778
279,3800,0.7777777777777778
328,1832,0.7777777777777778
333,701,0.7777777777777778
333,849,0.7777777777777778
333,2291,0.7777777777777778
372,1878,0.7777777777777778
388,3122,0.7777777777777778
394,2506,0.7777777777777778
417,3305,0.7777777777777778
466,1287,0.7777777777777778
471,2902,0.7777777777777778
551,1786,0.7777777777777778
579,759,0.7777777777777778
591,3045,0.7777777777777778
598,1587,0.7777777777777778
630,3056,0.7777777777777778
695,3575,0.7777777777777778
698,1501,0.7777777777777778
698,2470,0.7777777777777778
715,3666,0.7777777777777778
734,993,0.7777777777777778
737,2948,0.7777777777777778
761,3328,0.7777777777777778
764,814,0.7777777777777778
770,2493,0.7777777777777778
783,3281,0.7777777777777778
793,2929,0.7777777777777778
816,2397,0.7777777777777778
817,3606,0.7777777777777778
835,2671,0.7777777777777778
854,2881,0.7777777777777778
887,3320,0.7777777777777778
894,2664,0.7777777777777778
910,1685,0.7777777777777778
925,1856,0.7777777777777778
926,2038,0.7777777777777778
932,3924,0.7777777777777778
970,3268,0.7777777777777778
972,994,0.7777777777777778
976,2205,0.7777777777777778
1006,3300,0.7777777777777778
1013,1063,0.7777777777777778
1013,2867,0.7777777777777778
1023,1416,0.7777777777777778
1026,2749,0.7777777777777778
1028,3300,0.7777777777777778
1032,2460,0.7777777777777778
1050,2273,0.7777777777777778
1052,2768,0.7777777777777778
1063,2880,0.7777777777777778
1066,3461,0.7777777777777778
1068,2787,0.7777777777777778
1083,3254,0.7777777777777778
1083,3641,0.7777777777777778
1083,3818,0.7777777777777778
1091,1147,0.7777777777777778
1109,2711,0.7777777777777778
1131,1939,0.7777777777777778
1132,2307,0.7777777777777778
1134,2186,0.7777777777777778
1138,3713,0.7777777777777778
1192,1641,0.7777777777777778
1192,3683,0.7777777777777778
1204,3399,0.7777777777777778
1221,3030,0.7777777777777778
1255,3119,0.7777777777777778
1256,2094,0.7777777777777778
1286,3262,0.7777777777777778
1300,2522,0.7777777777777778
1337,3016,0.7777777777777778
1378,2394,0.7777777777777778
1384,1716,0.7777777777777778
1448,3732,0.7777777777777778
1466,2593,0.7777777777777778
1524,3701,0.7777777777777778
1532,2698,0.7777777777777778
1541,3167,0.7777777777777778
1555,2910,0.7777777777777778
1556,2284,0.7777777777777778
1561,3806,0.7777777777777778
1580,3356,0.7777777777777778
1617,3774,0.7777777777777778
1641,3142,0.7777777777777778
1648,3806,0.7777777777777778
1659,3285,0.7777777777777778
1677,2021,0.7777777777777778
1680,3966,0.7777777777777778
1713,2078,0.7777777777777778
1719,3808,0.7777777777777778
1753,2234,0.7777777777777778
1770,3733,0.7777777777777778
1788,2412,0.7777777777777778
1789,2113,0.7777777777777778
1894,3391,0.7777777777777778
1972,2332,0.7777777777777778
2078,3306,0.7777777777777778
2126,3850,0.7777777777777778
2149,3914,0.7777777777777778
2160,3634,0.7777777777777778
2193,3652,0.7777777777777778
2280,2708,0.7777777777777778
2317,3547,0.7777777777777778
2333,2551,0.7777777777777778
2366,3610,0.7777777777777778
2405,3872,0.7777777777777778
2416,3902,0.7777777777777778
2421,3328,0.7777777777777778
2525,3083,0.7777777777777778
2655,3537,0.7777777777777778
2662,3412,0.7777777777777778
2815,3745,0.7777777777777778
2852,3688,0.7777777777777778
2880,3372,0.7777777777777778
2894,3522,0.7777777777777778
2936,2985,0.7777777777777778
3293,3607,0.7777777777777778
3410,3670,0.7777777777777778
3412,3847,0.7777777777777778
3496,3634,0.7777777777777778
1775,3096,0.7804878048780488
929,3756,0.78125
1588,2833,0.78125
2569,3191,0.78125
121,1507,0.782608695652174
256,824,0.782608695652174
306,2941,0.782608695652174
433,3740,0.782608695652174
456,2668,0.782608695652174
534,557,0.782608695652174
550,3554,0.782608695652174
935,1951,0.782608695652174
1001,2028,0.782608695652174
1113,2883,0.782608695652174
1162,3714,0.782608695652174
1269,2520,0.782608695652174
1605,2467,0.782608695652174
1637,2611,0.782608695652174
1756,1760,0.782608695652174
1890,2766,0.782608695652174
1934,2557,0.782608695652174
2048,2595,0.782608695652174
2128,3858,0.782608695652174
2256,3097,0.782608695652174
2405,3500,0.782608695652174
3012,3687,0.782608695652174
3048,3594,0.782608695652174
3365,3661,0.782608695652174
7,1277,0.7857142857142857
66,2392,0.7857142857142857
85,1467,0.7857142857142857
95,993,0.7857142857142857
129,938,0.7857142857142857
130,1709,0.7857142857142857
150,3139,0.7857142857142857
182,1191,0.7857142857142857
219,3728,0.7857142857142857
239,3716,0.7857142857142857
249,265,0.7857142857142857
258,3570,0.7857142857142857
364,3502,0.7857142857142857
428,864,0.7857142857142857
442,2591,0.7857142857142857
481,2507,0.7857142857142857
535,1907,0.7857142857142857
548,3260,0.7857142857142857
578,2066,0.7857142857142857
621,773,0.7857142857142857
623,2446,0.7857142857142857
628,2901,0.7857142857142857
651,2398,0.7857142857142857
720,2538,0.7857142857142857
737,2295,0.7857142857142857
756,2196,0.7857142857142857
786,2677,0.7857142857142857
794,2596,0.7857142857142857
810,868,0.7857142857142857
828,1793,0.7857142857142857
863,1836,0.7857142857142857
901,2392,0.7857142857142857
915,3156,0.7857142857142857
945,3012,0.7857142857142857
986,2584,0.7857142857142857
1005,3813,0.7857142857142857
1022,2856,0.7857142857142857
1031,2481,0.7857142857142857
1086,2697,0.7857142857142857
1104,3372,0.7857142857142857
1123,3580,0.7857142857142857
1148,2834,0.7857142857142857
1157,1257,0.7857142857142857
1176,3957,0.7857142857142857
1356,3526,0.7857142857142857
1412,3561,0.7857142857142857
1460,3484,0.7857142857142857
1486,2140,0.7857142857142857
1513,2480,0.7857142857142857
1554,2663,0.7857142857142857
1677,2334,0.7857142857142857
1710,2025,0.7857142857142857
1721,3944,0.7857142857142857
1725,2843,0.7857142857142857
1755,3239,0.7857142857142857
1918,2755,0.7857142857142857
1922,2424,0.7857142857142857
1930,3032,0.7857142857142857
2016,2917,0.7857142857142857
2145,3230,0.7857142857142857
2248,3185,0.7857142857142857
2273,2875,0.7857142857142857
2357,3961,0.7857142857142857
2376,3458,0.7857142857142857
2432,2480,0.7857142857142857
2457,2933,0.7857142857142857
2560,2624,0.7857142857142857
2822,3304,0.7857142857142857
3262,3656,0.7857142857142857
1364,2780,0.7872340425531915
111,973,0.7878787878787878
415,3736,0.7878787878787878
546,919,0.7878787878787878
1168,1813,0.7878787878787878
2352,2931,0.7878787878787878
3688,3922,0.7878787878787878
8,1376,0.7894736842105263
76,404,0.7894736842105263
80,3082,0.7894736842105263
94,1768,0.7894736842105263
109,2620,0.7894736842105263
117,2669,0.7894736842105263
148,403,0.7894736842105263
183,544,0.7894736842105263
205,847,0.7894736842105263
219,1421,0.7894736842105263
340,1898,0.7894736842105263
368,2713,0.7894736842105263
403,3382,0.7894736842105263
437,2709,0.7894736842105263
485,1848,0.7894736842105263
606,2590,0.7894736842105263
710,3244,0.7894736842105263
710,3899,0.7894736842105263
748,2225,0.7894736842105263
881,2090,0.7894736842105263
924,1845,0.7894736842105263
1012,3852,0.7894736842105263
1112,2584,0.7894736842105263
1270,1579,0.7894736842105263
1380,2640,0.7894736842105263
1538,1883,0.7894736842105263
1601,1961,0.7894736842105263
1608,2362,0.7894736842105263
1648,3618,0.7894736842105263
1681,3886,0.7894736842105263
1906,2554,0.7894736842105263
1948,2561,0.7894736842105263
1985,3402,0.7894736842105263
2526,3790,0.7894736842105263
2554,2724,0.7894736842105263
2696,2894,0.7894736842105263
2853,3256,0.7894736842105263
2920,3186,0.7894736842105263
2986,3578,0.7894736842105263
3147,3725,0.7894736842105263
3440,3514,0.7894736842105263
3501,3735,0.7894736842105263
82,1549,0.7916666666666666
216,3964,0.7916666666666666
260,1889,0.7916666666666666
267,2849,0.7916666666666666
505,1290,0.7916666666666666
526,2912,0.7916666666666666
713,3102,0.7916666666666666
749,1113,0.7916666666666666
855,3261,0.7916666666666666
859,3000,0.7916666666666666
931,3253,0.7916666666666666
968,2541,0.7916666666666666
1059,2287,0.7916666666666666
1284,3082,0.7916666666666666
1647,3442,0.7916666666666666
1766,3953,0.7916666666666666
1875,3155,0.7916666666666666
2247,2447,0.7916666666666666
2395,3911,0.7916666666666666
2992,3947,0.7916666666666666
3330,3901,0.7916666666666666
121,1642,0.7931034482758621
323,557,0.7931034482758621
1056,1629,0.7931034482758621
1280,3764,0.7931034482758621
1949,3245,0.7931034482758621
2962,3388,0.7931034482758621
3138,3871,0.7931034482758621
461,1939,0.7941176470588236
581,3966,0.7941176470588236
1164,1327,0.7941176470588236
1846,3096,0.7941176470588236
1928,3385,0.7941176470588236
1948,3298,0.7941176470588236
13,268,0.8
34,3851,0.8
42,1449,0.8
51,999,0.8
54,459,0.8
55,826,0.8
59,2908,0.8
66,3825,0.8
83,3301,0.8
90,1325,0.8
94,461,0.8
100,1475,0.8
101,3950,0.8
107,1820,0.8
112,1469,0.8
115,1091,0.8
146,3678,0.8
160,2250,0.8
168,3116,0.8
170,1806,0.8
215,2230,0.8
257,1935,0.8
277,1027,0.8
281,2007,0.8
292,1851,0.8
293,1421,0.8
297,1599,0.8
301,1562,0.8
302,2924,0.8
305,3283,0.8
310,3218,0.8
318,3377,0.8
332,1090,0.8
346,3663,0.8
350,633,0.8
350,1684,0.8
351,1463,0.8
355,3360,0.8
366,3919,0.8
388,594,0.8
440,3445,0.8
452,1924,0.8
459,1701,0.8
491,3674,0.8
516,724,0.8
520,2865,0.8
524,2098,0.8
534,3474,0.8
577,2223,0.8
581,3076,0.8
587,3225,0.8
603,2779,0.8
633,1354,0.8
641,1415,0.8
669,3955,0.8
676,2730,0.8
676,3013,0.8
680,1688,0.8
693,2026,0.8
730,944,0.8
736,2573,0.8
766,3636,0.8
768,2124,0.8
785,2636,0.8
798,2241,0.8
801,2414,0.8
814,2236,0.8
822,3943,0.8
823,2504,0.8
835,3419,0.8
924,1352,0.8
933,3708,0.8
957,2271,0.8
964,2755,0.8
1006,2594,0.8
1021,3474,0.8
1065,2049,0.8
1088,2656,0.8
1120,2620,0.8
1121,3880,0.8
1137,1139,0.8
1155,1197,0.8
1155,3831,0.8
1160,1308,0.8
1167,3217,0.8
1180,1844,0.8
1202,3890,0.8
1205,2115,0.8
1206,2271,0.8
1225,2514,0.8
1237,2091,0.8
1246,2427,0.8
1335,2203,0.8
1340,3765,0.8
1380,1596,0.8
1397,1540,0.8
1401,2092,0.8
1438,3591,0.8
1488,3423,0.8
1498,3224,0.8
1498,3314,0.8
1498,3502,0.8
1565,1963,0.8
1586,2813,0.8
1604,1956,0.8
1606,2558,0.8
1622,2329,0.8
1644,3773,0.8
1700,3418,0.8
1715,3487,0.8
1744,2370,0.8
1751,1792,0.8
1802,1905,0.8
1822,1891,0.8
1844,2788,0.8
1863,3373,0.8
1866,3553,0.8
1885,3010,0.8
1902,1941,0.8
2003,3607,0.8
2034,3112,0.8
2044,3051,0.8
2048,3005,0.8
2085,2682,0.8
2105,2287,0.8
2131,2419,0.8
2138,3757,0.8
2156,2779,0.8
2166,2449,0.8
2181,2850,0.8
2186,2810,0.8
2222,2490,0.8
2240,2670,0.8
2265,2551,0.8
2317,3542,0.8
2322,2391,0.8
2410,3582,0.8
2438,2892,0.8
2528,2835,0.8
2573,3255,0.8
2794,2963,0.8
2827,2999,0.8
2828,3784,0.8
2952,3671,0.8
3010,3783,0.8
3012,3248,0.8
3079,3124,0.8
3324,3859,0.8
3551,3584,0.8
3809,3883,0.8
3930,3942,0.8
432,556,0.8055555555555556
1690,1692,0.8064516129032258
1199,3858,0.8076923076923077
1215,1445,0.8076923076923077
1588,3106,0.8076923076923077
1846,2464,0.8076923076923077
2058,2388,0.8076923076923077
2321,2578,0.8076923076923077
327,2806,0.8095238095238095
541,1784,0.8095238095238095
593,870,0.8095238095238095
705,1743,0.8095238095238095
1174,3524,0.8095238095238095
1222,2701,0.8095238095238095
1231,1447,0.8095238095238095
1477,2446,0.8095238095238095
1610,2737,0.8095238095238095
1625,2030,0.8095238095238095
1905,3190,0.8095238095238095
1924,2918,0.8095238095238095
1968,3359,0.8095238095238095
2039,3129,0.8095238095238095
2217,2831,0.8095238095238095
2606,3449,0.8095238095238095
2729,2973,0.8095238095238095
2759,3645,0.8095238095238095
3666,3928,0.8095238095238095
322,1967,0.8108108108108107
36,3531,0.8125
51,2461,0.8125
154,763,0.8125
175,1432,0.8125
185,1633,0.8125
189,794,0.8125
240,3086,0.8125
331,3869,0.8125
406,3740,0.8125
423,702,0.8125
449,3786,0.8125
565,794,0.8125
593,1282,0.8125
595,3796,0.8125
605,621,0.8125
613,3763,0.8125
658,1651,0.8125
685,2092,0.8125
691,3950,0.8125
908,1792,0.8125
1014,1515,0.8125
1086,1685,0.8125
1233,1261,0.8125
1409,2370,0.8125
1474,2764,0.8125
1497,2675,0.8125
1730,2072,0.8125
1764,3134,0.8125
1826,2629,0.8125
1834,3476,0.8125
2253,2877,0.8125
2260,2670,0.8125
2407,2602,0.8125
3322,3906,0.8125
28,1980,0.8148148148148149
199,2141,0.8148148148148149
386,2575,0.8148148148148149
505,3932,0.8148148148148149
1249,1857,0.8148148148148149
1311,3865,0.8148148148148149
1751,2386,0.8148148148148149
2689,3760,0.8148148148148149
1775,2428,0.8157894736842105
51,1324,0.8181818181818181
78,3033,0.8181818181818181
104,562,0.8181818181818181
133,1876,0.8181818181818181
171,3925,0.8181818181818181
180,561,0.8181818181818181
184,1128,0.8181818181818181
193,2652,0.8181818181818181
239,1676,0.8181818181818181
289,3098,0.8181818181818181
293,3187,0.8181818181818181
306,718,0.8181818181818181
326,2589,0.8181818181818181
383,1416,0.8181818181818181
410,2072,0.8181818181818181
455,817,0.8181818181818181
474,2691,0.8181818181818181
495,1464,0.8181818181818181
515,3581,0.8181818181818181
645,2953,0.8181818181818181
646,1039,0.8181818181818181
654,1213,0.8181818181818181
770,3644,0.8181818181818181
842,989,0.8181818181818181
877,3153,0.8181818181818181
925,2215,0.8181818181818181
981,2769,0.8181818181818181
999,2828,0.8181818181818181
1109,3448,0.8181818181818181
1157,1919,0.8181818181818181
1322,2490,0.8181818181818181
1332,1545,0.8181818181818181
1373,3220,0.8181818181818181
1398,2417,0.8181818181818181
1466,2440,0.8181818181818181
1506,1519,0.8181818181818181
1697,2988,0.8181818181818181
2067,3268,0.8181818181818181
2084,3729,0.8181818181818181
2145,2530,0.8181818181818181
2185,3816,0.8181818181818181
2350,3744,0.8181818181818181
2368,2617,0.8181818181818181
2702,2913,0.8181818181818181
2721,3369,0.8181818181818181
2809,3686,0.8181818181818181
2913,3793,0.8181818181818181
3243,3678,0.8181818181818181
3580,3861,0.8181818181818181
532,1021,0.8214285714285714
915,2294,0.8214285714285714
126,1876,0.8235294117647058
209,1870,0.8235294117647058
325,3586,0.8235294117647058
347,2959,0.8235294117647058
379,2439,0.8235294117647058
379,3630,0.8235294117647058
416,1543,0.8235294117647058
494,1550,0.8235294117647058
533,2342,0.8235294117647058
575,2287,0.8235294117647058
672,2280,0.8235294117647058
720,1837,0.8235294117647058
728,1262,0.8235294117647058
779,1943,0.8235294117647058
819,888,0.8235294117647058
823,2171,0.8235294117647058
987,3353,0.8235294117647058
1098,3895,0.8235294117647058
1166,1426,0.8235294117647058
1210,1643,0.8235294117647058
1262,2783,0.8235294117647058
1889,2022,0.8235294117647058
2063,2161,0.8235294117647058
2150,3854,0.8235294117647058
2294,2384,0.8235294117647058
2438,2680,0.8235294117647058
2472,3323,0.8235294117647058
2762,2763,0.8235294117647058
590,678,0.8260869565217391
1201,3655,0.8260869565217391
1596,2778,0.8260869565217391
1712,2557,0.8260869565217391
2964,3041,0.8260869565217391
57,141,0.8275862068965517
353,373,0.8275862068965517
520,2168,0.8275862068965517
3168,3260,0.8275862068965517
3249,3843,0.8275862068965517
38,2276,0.8333333333333334
43,1265,0.8333333333333334
68,2801,0.8333333333333334
102,3205,0.8333333333333334
112,393,0.8333333333333334
120,1475,0.8333333333333334
172,1560,0.8333333333333334
239,689,0.8333333333333334
309,1829,0.8333333333333334
339,2514,0.8333333333333334
341,3524,0.8333333333333334
479,1305,0.8333333333333334
518,633,0.8333333333333334
582,3929,0.8333333333333334
584,3907,0.8333333333333334
596,2471,0.8333333333333334
608,2081,0.8333333333333334
687,2538,0.8333333333333334
757,1847,0.8333333333333334
761,2548,0.8333333333333334
768,2644,0.8333333333333334
774,3614,0.8333333333333334
811,3409,0.8333333333333334
815,1156,0.8333333333333334
822,2928,0.8333333333333334
842,1478,0.8333333333333334
842,3258,0.8333333333333334
866,2567,0.8333333333333334
902,1936,0.8333333333333334
905,3502,0.8333333333333334
985,1645,0.8333333333333334
1011,1849,0.8333333333333334
1025,3508,0.8333333333333334
1159,1276,0.8333333333333334
1177,1794,0.8333333333333334
1230,2366,0.8333333333333334
1275,2940,0.8333333333333334
1281,1777,0.8333333333333334
1425,3184,0.8333333333333334
1466,2567,0.8333333333333334
1471,3573,0.8333333333333334
1478,2823,0.8333333333333334
1500,2178,0.8333333333333334
1658,3971,0.8333333333333334
1672,3224,0.8333333333333334
1697,2130,0.8333333333333334
1700,3074,0.8333333333333334
1718,3004,0.8333333333333334
1867,2136,0.8333333333333334
1885,2631,0.8333333333333334
1965,2573,0.8333333333333334
2353,2546,0.8333333333333334
2372,2603,0.8333333333333334
2425,3301,0.8333333333333334
2489,3302,0.8333333333333334
2500,3751,0.8333333333333334
2554,3854,0.8333333333333334
2581,2641,0.8333333333333334
2598,3560,0.8333333333333334
2772,3324,0.8333333333333334
3012,3495,0.8333333333333334
3118,3550,0.8333333333333334
320,3325,0.8387096774193549
353,2819,0.8387096774193549
489,528,0.84
706,2174,0.84
2581,3627,0.84
155,3163,0.8421052631578947
217,3329,0.8421052631578947
620,2437,0.8421052631578947
675,3144,0.8421052631578947
793,1489,0.8421052631578947
1090,3130,0.8421052631578947
1298,1365,0.8421052631578947
1413,3608,0.8421052631578947
1722,3146,0.8421052631578947
1907,2808,0.8421052631578947
48,1340,0.8461538461538461
97,3275,0.8461538461538461
125,1930,0.8461538461538461
159,2616,0.8461538461538461
252,996,0.8461538461538461
422,2124,0.8461538461538461
464,2823,0.8461538461538461
569,573,0.8461538461538461
664,928,0.8461538461538461
720,1560,0.8461538461538461
749,1724,0.8461538461538461
1121,1853,0.8461538461538461
1170,1814,0.8461538461538461
1223,2393,0.8461538461538461
1343,3476,0.8461538461538461
1842,2145,0.8461538461538461
1876,3616,0.8461538461538461
2078,2741,0.8461538461538461
2123,2343,0.8461538461538461
2263,3054,0.8461538461538461
2563,3222,0.8461538461538461
3311,3706,0.8461538461538461
3810,3844,0.8461538461538461
1420,3963,0.85
1003,2732,0.8518518518518519
31,3514,0.8571428571428572
72,3855,0.8571428571428572
243,1536,0.8571428571428572
270,2284,0.8571428571428572
352,2695,0.8571428571428572
582,3576,0.8571428571428572
778,2264,0.8571428571428572
837,3642,0.8571428571428572
1064,1882,0.8571428571428572
1100,2070,0.8571428571428572
1121,1372,0.8571428571428572
1336,2550,0.8571428571428572
1431,2487,0.8571428571428572
1661,1936,0.8571428571428572
1706,3114,0.8571428571428572
1738,2819,0.8571428571428572
1783,3273,0.8571428571428572
1836,3411,0.8571428571428572
1958,3363,0.8571428571428572
2041,2435,0.8571428571428572
2341,2396,0.8571428571428572
2978,3143,0.8571428571428572
1927,2005,0.8620689655172413
797,3417,0.8636363636363636
2201,2873,0.8636363636363636
2212,3537,0.8636363636363636
171,287,0.8666666666666667
636,1914,0.8666666666666667
727,1770,0.8666666666666667
2110,3668,0.8666666666666667
1911,3911,0.8695652173913043
395,1988,0.8709677419354839
281,1619,0.875
284,3490,0.875
292,1366,0.875
423,831,0.875
812,2330,0.875
954,2004,0.875
1110,3744,0.875
1235,3452,0.875
1531,2782,0.875
2219,2260,0.875
2343,3177,0.875
1063,2943,0.8888888888888888
1286,2255,0.8888888888888888
1336,2823,0.8888888888888888
1535,2797,0.8888888888888888
2293,2459,0.8888888888888888
662,1535,0.9
887,3206,0.9
1715,3341,0.9
3053,3470,0.9
464,1970,0.9090909090909091
1578,2060,0.9285714285714286
131,482,0.9333333333333333
