0,1261,0.6428571428571428
1261,2337,0.5
2337,3933,0.4444444444444444
3933,3624,0.5
3624,194,0.2857142857142857
194,2734,0.33333333333333337
2734,1753,0.4
194,2580,0.4285714285714286
194,439,0.4444444444444444
194,515,0.5
515,359,0.19999999999999996
515,3634,0.4
515,775,0.4285714285714286
3634,2477,0.4285714285714286
775,354,0.4545454545454546
354,1734,0.5
1734,3599,0.4545454545454546
3599,3042,0.4
3042,328,0.2857142857142857
3042,652,0.4
3042,711,0.4
652,1495,0.41666666666666663
711,2257,0.41666666666666663
2257,282,0.3846153846153846
2257,3731,0.41666666666666663
3599,3280,0.41666666666666663
328,2448,0.4444444444444444
328,1530,0.5
354,2316,0.5
2316,3884,0.4444444444444444
3884,2609,0.2857142857142857
2609,1306,0.33333333333333337
1306,911,0.19999999999999996
2609,2860,0.375
3884,884,0.4
3884,3492,0.4444444444444444
2316,615,0.4545454545454546
3884,1043,0.4545454545454546
515,319,0.5
319,837,0.5
837,474,0.33333333333333337
515,418,0.5
418,2661,0.4285714285714286
2661,1727,0.4285714285714286
1727,2891,0.33333333333333337
418,44,0.5
418,1273,0.5
1273,3533,0.375
1273,1015,0.4
1273,2146,0.4444444444444444
515,2887,0.5
515,2958,0.5
515,3092,0.5
515,3885,0.5
515,3892,0.5
615,1881,0.5
1881,2647,0.4285714285714286
775,1975,0.5
775,2479,0.5
775,2838,0.5
1015,250,0.5
1015,2083,0.5
1043,998,0.5
998,2807,0.3846153846153846
998,313,0.5
1273,1033,0.5
1727,977,0.5
977,614,0.5
1727,1828,0.5
1828,1451,0.33333333333333337
1451,1571,0.375
1451,1487,0.5
1727,2484,0.5
2484,3762,0.33333333333333337
3762,1363,0.4545454545454546
1734,2934,0.5
1753,802,0.5
1753,3558,0.5
1828,825,0.5
1828,1248,0.5
1248,3936,0.4444444444444444
2257,1855,0.5
2479,712,0.5
2484,3349,0.5
2609,1175,0.5
2609,3264,0.5
2807,1245,0.5
1245,3897,0.47058823529411764
2838,3974,0.5
2860,1655,0.5
2860,2013,0.5
2013,2923,0.5
2013,3529,0.5
3492,1896,0.5
3558,2355,0.5
3624,2498,0.5
3884,1527,0.5
1527,539,0.5
1527,752,0.5
3884,2938,0.5
354,3934,0.5333333333333333
711,431,0.5333333333333333
431,2374,0.5294117647058824
1043,507,0.5333333333333333
507,2121,0.5
1896,1362,0.5333333333333333
2807,3820,0.5333333333333333
3529,3235,0.5333333333333333
3235,1728,0.4
354,27,0.5384615384615384
27,2738,0.5
27,3532,0.5384615384615384
3532,2245,0.5333333333333333
1975,3289,0.5384615384615384
2448,1107,0.5384615384615384
2484,437,0.5384615384615384
3532,448,0.5384615384615384
3731,686,0.5384615384615384
775,2672,0.5454545454545454
775,3677,0.5454545454545454
3677,512,0.5384615384615384
775,3960,0.5454545454545454
1451,971,0.5454545454545454
1451,3425,0.5454545454545454
3425,3929,0.5384615384615384
1571,58,0.5454545454545454
1728,3364,0.5454545454545454
2484,742,0.5454545454545454
2609,1564,0.5454545454545454
2661,2492,0.5454545454545454
3933,2218,0.5454545454545454
2218,2574,0.5
194,3743,0.5555555555555556
3743,167,0.5454545454545454
712,1714,0.5555555555555556
1714,2622,0.25
1714,3681,0.4285714285714286
775,2046,0.5555555555555556
1043,2390,0.5555555555555556
1248,1060,0.5555555555555556
1655,1997,0.5555555555555556
1714,1153,0.5555555555555556
1975,3959,0.5555555555555556
3959,927,0.16666666666666663
3959,2189,0.16666666666666663
3959,3498,0.375
2189,3827,0.4
3827,3857,0.25
927,1009,0.4285714285714286
1009,2579,0.33333333333333337
2579,2537,0.5
1009,1812,0.5555555555555556
2189,659,0.5555555555555556
2337,2226,0.5555555555555556
2226,1665,0.33333333333333337
2484,2359,0.5555555555555556
2891,1093,0.5555555555555556
3529,3420,0.5555555555555556
27,3472,0.5625
3472,3145,0.47058823529411764
3145,808,0.5
282,2909,0.5625
313,636,0.5625
652,190,0.5625
711,1542,0.5625
1043,2946,0.5625
1362,1582,0.5625
1582,960,0.5333333333333333
1362,1745,0.5625
1745,151,0.5
2909,3429,0.5625
151,2324,0.5714285714285714
194,747,0.5714285714285714
313,1002,0.5714285714285714
328,3019,0.5714285714285714
3019,361,0.5555555555555556
3019,3667,0.5555555555555556
354,1313,0.5714285714285714
1313,3766,0.5625
515,553,0.5714285714285714
553,778,0.5454545454545454
515,1342,0.5714285714285714
515,2055,0.5714285714285714
747,43,0.5714285714285714
752,362,0.5714285714285714
362,3404,0.5
825,207,0.5714285714285714
977,758,0.5714285714285714
998,2508,0.5714285714285714
2508,3867,0.5625
1306,1852,0.5714285714285714
1451,717,0.5714285714285714
1753,3870,0.5714285714285714
2647,2560,0.5714285714285714
2738,1916,0.5714285714285714
3019,230,0.5714285714285714
3235,2829,0.5714285714285714
2829,3085,0.5
3085,3266,0.4666666666666667
3085,2012,0.5333333333333333
3266,2249,0.55
2249,1550,0.55
3235,3692,0.5714285714285714
3420,2196,0.5714285714285714
3533,1419,0.5714285714285714
3599,2116,0.5714285714285714
3857,2214,0.5714285714285714
1245,3172,0.5789473684210527
151,791,0.5833333333333333
194,3564,0.5833333333333333
1248,1159,0.5833333333333333
1975,2056,0.5833333333333333
2484,3849,0.5833333333333333
3849,1770,0.5714285714285714
2498,848,0.5833333333333333
848,1635,0.5714285714285714
2579,3781,0.5833333333333333
2734,3865,0.5833333333333333
3085,2626,0.5833333333333333
3532,204,0.5833333333333333
204,3587,0.5
3624,2842,0.5833333333333333
437,2895,0.5882352941176471
1245,3039,0.5882352941176471
1245,3916,0.5882352941176471
2245,1841,0.5882352941176471
1841,2818,0.5555555555555556
1841,2213,0.5882352941176471
3857,3629,0.5882352941176471
1043,2612,0.5909090909090908
2818,2053,0.5909090909090908
437,236,0.6
553,2125,0.6
652,285,0.6
686,255,0.6
255,1071,0.5882352941176471
1071,524,0.5625
255,3875,0.5882352941176471
255,3557,0.6
802,1091,0.6
1091,2267,0.33333333333333337
1091,1662,0.5
802,2187,0.6
1043,3207,0.6
1091,3511,0.6
1093,3625,0.6
1248,3194,0.6
1273,2655,0.6
2655,841,0.36363636363636365
1419,2220,0.6
1582,3948,0.6
3948,1299,0.5833333333333333
1997,1813,0.6
2267,1145,0.6
2337,958,0.6
2337,3770,0.6
2508,1316,0.6
2738,3601,0.6
3092,1592,0.6
3235,73,0.6
73,1966,0.5714285714285714
3511,1858,0.6
3533,2830,0.6
3849,648,0.6
3884,2519,0.6
3948,3120,0.6
3974,2309,0.6
960,1757,0.6111111111111112
1245,990,0.6111111111111112
990,3450,0.5
3235,804,0.6111111111111112
151,3296,0.6153846153846154
1002,110,0.6153846153846154
1273,2614,0.6153846153846154
1527,3091,0.6153846153846154
3091,2332,0.5
2332,232,0.5833333333333333
1714,3105,0.6153846153846154
1966,1711,0.6153846153846154
2121,2756,0.6153846153846154
2125,920,0.6153846153846154
2316,2886,0.6153846153846154
3235,1683,0.6153846153846154
3624,2583,0.6153846153846154
3892,1124,0.6153846153846154
3529,1752,0.6190476190476191
194,647,0.625
647,63,0.5454545454545454
647,2011,0.5555555555555556
647,3263,0.5833333333333333
647,2281,0.6
647,1105,0.6153846153846154
647,2950,0.6153846153846154
2011,2915,0.6153846153846154
207,3665,0.625
3665,299,0.4444444444444444
3665,3422,0.5454545454545454
3665,2050,0.5555555555555556
2050,1932,0.6
328,3143,0.625
515,3118,0.625
515,3331,0.625
3331,2450,0.6153846153846154
2450,2394,0.6153846153846154
515,3394,0.625
553,1351,0.625
1351,104,0.5
553,1621,0.625
553,3376,0.625
3376,459,0.6
636,247,0.625
647,1081,0.625
647,1435,0.625
686,1652,0.625
1652,2760,0.0
1652,608,0.5882352941176471
717,2403,0.625
775,3328,0.625
825,3527,0.625
927,2258,0.625
2258,3049,0.5714285714285714
977,3538,0.625
1091,786,0.625
1306,3801,0.625
1435,1004,0.625
1571,1715,0.625
1715,3109,0.625
1727,1893,0.625
1753,2476,0.625
1858,3720,0.625
2055,1604,0.625
2187,1670,0.625
2249,523,0.625
2337,3682,0.625
2574,1011,0.625
2958,829,0.625
3331,1354,0.625
1354,387,0.625
3376,2149,0.625
2149,2981,0.5555555555555556
3634,2052,0.625
3634,3788,0.625
3665,3383,0.625
3665,3775,0.625
3885,407,0.625
285,2956,0.631578947368421
1245,3375,0.631578947368421
3375,1646,0.5882352941176471
3235,3619,0.631578947368421
167,484,0.6363636363636364
194,251,0.6363636363636364
361,3689,0.6363636363636364
553,740,0.6363636363636364
740,766,0.6153846153846154
766,3215,0.4545454545454546
647,369,0.6363636363636364
647,3596,0.6363636363636364
927,670,0.6363636363636364
670,1194,0.6153846153846154
1194,504,0.5454545454545454
1009,1340,0.6363636363636364
1655,2413,0.6363636363636364
1683,2319,0.6363636363636364
1932,696,0.6363636363636364
2011,440,0.6363636363636364
440,276,0.5
440,2296,0.6153846153846154
2296,1633,0.5714285714285714
2296,3381,0.5833333333333333
440,1694,0.6363636363636364
1694,2331,0.6
2050,997,0.6363636363636364
2309,1161,0.6363636363636364
1161,653,0.5833333333333333
1161,2169,0.6153846153846154
2309,2975,0.6363636363636364
2484,1859,0.6363636363636364
1859,380,0.6363636363636364
2579,3590,0.6363636363636364
2734,840,0.6363636363636364
2981,1703,0.6363636363636364
3587,1830,0.6363636363636364
1830,2643,0.33333333333333337
1830,3286,0.5555555555555556
1830,947,0.625
947,195,0.6
195,3205,0.4
3205,3935,0.5555555555555556
195,249,0.6
195,1786,0.6
1786,2707,0.4
195,1929,0.6
1929,2200,0.4
195,2117,0.6
195,3965,0.6
1929,3678,0.625
3624,2377,0.6363636363636364
3665,1270,0.6363636363636364
3665,2262,0.6363636363636364
2262,3435,0.5454545454545454
2262,3290,0.5714285714285714
2262,7,0.6153846153846154
3435,803,0.6153846153846154
3435,2864,0.6363636363636364
3720,2259,0.6363636363636364
3870,673,0.6363636363636364
524,1099,0.6428571428571428
553,2750,0.6428571428571428
740,1750,0.6428571428571428
766,3192,0.6428571428571428
775,1860,0.6428571428571428
998,1963,0.6428571428571428
1694,587,0.6428571428571428
587,69,0.631578947368421
69,790,0.631578947368421
1711,2251,0.6428571428571428
2146,2120,0.6428571428571428
2296,1586,0.6428571428571428
1586,2400,0.6
1586,2531,0.6
2531,2239,0.5625
2531,3067,0.5625
1586,2681,0.6111111111111112
1586,1640,0.6153846153846154
2239,2072,0.6153846153846154
1586,1496,0.625
1496,1502,0.6111111111111112
2239,1016,0.631578947368421
1016,3945,0.6190476190476191
2239,3723,0.631578947368421
2531,1804,0.631578947368421
1804,1511,0.631578947368421
2484,3507,0.6428571428571428
3235,2667,0.6428571428571428
3435,2310,0.6428571428571428
2310,3138,0.625
3870,257,0.6428571428571428
247,2706,0.6470588235294117
257,28,0.6470588235294117
28,1722,0.4666666666666667
1722,1452,0.6
28,3789,0.6153846153846154
3789,1978,0.5
1452,2261,0.625
2261,2544,0.5454545454545454
3789,2288,0.6428571428571428
2288,1744,0.46153846153846156
1744,644,0.625
2288,315,0.631578947368421
3789,2786,0.6428571428571428
28,3838,0.6470588235294117
524,1693,0.6470588235294117
587,84,0.6470588235294117
84,2985,0.625
2985,1445,0.6111111111111112
766,429,0.6470588235294117
804,107,0.6470588235294117
1445,2623,0.6470588235294117
2623,1332,0.5454545454545454
1332,635,0.5
1332,497,0.6
635,2356,0.625
497,913,0.6363636363636364
1332,3342,0.6428571428571428
1332,3703,0.6428571428571428
1495,3071,0.6470588235294117
1586,949,0.6470588235294117
1652,1114,0.6470588235294117
1114,871,0.6428571428571428
2239,2752,0.6470588235294117
2476,2352,0.6470588235294117
2498,3068,0.6470588235294117
3145,2951,0.6470588235294117
3263,745,0.6470588235294117
745,1905,0.5882352941176471
3342,2198,0.6470588235294117
3532,3812,0.6470588235294117
3723,700,0.6470588235294117
587,2074,0.65
745,322,0.65
1586,3355,0.65
2531,2815,0.65
2738,138,0.65
3192,3441,0.65
7,3252,0.6666666666666667
28,259,0.6666666666666667
28,2162,0.6666666666666667
2162,2368,0.6363636363636364
28,2712,0.6666666666666667
28,2742,0.6666666666666667
2742,678,0.631578947368421
28,3423,0.6666666666666667
43,356,0.6666666666666667
63,1480,0.6666666666666667
1480,70,0.5
1480,2336,0.5882352941176471
2336,2685,0.3529411764705882
2336,2814,0.375
2336,30,0.5
2336,2282,0.5
30,1017,0.5294117647058824
2336,3250,0.55
3250,921,0.5454545454545454
2814,9,0.5625
2336,3666,0.5714285714285714
3250,2468,0.5769230769230769
2468,3553,0.5714285714285714
2468,930,0.5862068965517242
30,2054,0.6
2336,1418,0.6
930,3653,0.6086956521739131
30,3357,0.6111111111111112
2685,1940,0.6111111111111112
2336,2577,0.6363636363636364
2577,965,0.55
2814,3335,0.6470588235294117
30,3334,0.65
2054,1771,0.65
1771,1664,0.6470588235294117
1664,2410,0.6428571428571428
965,2974,0.6521739130434783
2282,414,0.6521739130434783
2282,3794,0.6521739130434783
30,1217,0.6666666666666667
30,2195,0.6666666666666667
69,2989,0.6666666666666667
70,162,0.6666666666666667
104,19,0.6666666666666667
19,118,0.625
19,3203,0.6363636363636364
3203,867,0.6428571428571428
19,29,0.6666666666666667
29,906,0.5
906,2166,0.6
29,2175,0.625
906,603,0.6363636363636364
603,2462,0.6153846153846154
2462,3083,0.30000000000000004
2462,2106,0.5454545454545454
2106,2894,0.5
2106,2457,0.5833333333333333
2457,1769,0.5454545454545454
2457,1014,0.5833333333333333
1014,2238,0.6
1769,2870,0.6
2870,1563,0.5
1563,1458,0.5
1458,1822,0.5454545454545454
1563,719,0.5555555555555556
1458,1375,0.5625
2238,3798,0.6
3798,536,0.5833333333333333
536,3525,0.6153846153846154
3525,2104,0.5625
603,3158,0.6153846153846154
1458,1490,0.625
1563,1581,0.625
1769,2911,0.625
2238,1326,0.625
1326,847,0.5
1326,2684,0.625
2684,2183,0.6
2870,2903,0.625
3798,879,0.6363636363636364
879,983,0.6
879,2775,0.6
2775,3513,0.5454545454545454
3513,465,0.5714285714285714
2775,3673,0.6363636363636364
1458,1678,0.6428571428571428
2775,3923,0.6428571428571428
3923,1082,0.6086956521739131
1082,2731,0.6
3083,3200,0.6428571428571428
3513,3757,0.6428571428571428
3757,555,0.6153846153846154
3757,1197,0.6153846153846154
1197,3371,0.6363636363636364
19,584,0.6666666666666667
584,3848,0.625
104,271,0.6666666666666667
104,1080,0.6666666666666667
104,1555,0.6666666666666667
104,2061,0.6666666666666667
167,307,0.6666666666666667
195,2514,0.6666666666666667
195,3117,0.6666666666666667
195,3499,0.6666666666666667
3499,1589,0.625
207,105,0.6666666666666667
207,1440,0.6666666666666667
207,3269,0.6666666666666667
249,360,0.6666666666666667
249,3279,0.6666666666666667
251,3080,0.6666666666666667
3080,3567,0.6363636363636364
259,20,0.6666666666666667
20,2727,0.6
2727,3322,0.5555555555555556
20,2375,0.6666666666666667
2375,3497,0.6470588235294117
20,3313,0.6666666666666667
3313,2155,0.65
271,2715,0.6666666666666667
276,1139,0.6666666666666667
276,3704,0.6666666666666667
3704,128,0.625
313,1991,0.6666666666666667
315,273,0.6666666666666667
273,1736,0.5
1736,1987,0.5882352941176471
273,1654,0.6111111111111112
273,2825,0.6666666666666667
361,1994,0.6666666666666667
361,3796,0.6666666666666667
3796,2144,0.6428571428571428
414,3598,0.6666666666666667
437,3386,0.6666666666666667
3386,3137,0.6
465,3898,0.6666666666666667
474,588,0.6666666666666667
504,3702,0.6666666666666667
524,1624,0.6666666666666667
536,754,0.6666666666666667
536,1425,0.6666666666666667
539,738,0.6666666666666667
553,1,0.6666666666666667
1,2152,0.6666666666666667
584,2559,0.6666666666666667
587,2494,0.6666666666666667
587,2996,0.6666666666666667
2996,3806,0.625
3806,3037,0.6
2996,301,0.6363636363636364
301,2859,0.5555555555555556
301,2674,0.6666666666666667
2674,1679,0.4444444444444444
2674,3014,0.6153846153846154
635,1118,0.6666666666666667
1118,3524,0.5833333333333333
1118,606,0.6153846153846154
1118,694,0.625
606,630,0.6666666666666667
630,2028,0.6153846153846154
606,2649,0.6666666666666667
635,2478,0.6666666666666667
2478,3154,0.5555555555555556
3154,2517,0.6153846153846154
635,3226,0.6666666666666667
647,940,0.6666666666666667
653,2458,0.6666666666666667
712,2686,0.6666666666666667
717,1910,0.6666666666666667
740,3185,0.6666666666666667
3185,3191,0.6111111111111112
3191,1610,0.47058823529411764
1610,86,0.5555555555555556
86,188,0.5714285714285714
1610,2804,0.6111111111111112
758,1032,0.6666666666666667
766,458,0.6666666666666667
766,601,0.6666666666666667
601,178,0.625
601,242,0.6470588235294117
775,1657,0.6666666666666667
1657,1177,0.625
1657,3802,0.625
802,1392,0.6666666666666667
1392,349,0.625
825,1321,0.6666666666666667
825,2716,0.6666666666666667
2716,1443,0.6428571428571428
825,3131,0.6666666666666667
867,2247,0.6666666666666667
913,3436,0.6666666666666667
3436,3510,0.5333333333333333
3510,3028,0.6428571428571428
927,1958,0.6666666666666667
947,779,0.6666666666666667
977,770,0.6666666666666667
983,746,0.6666666666666667
998,56,0.6666666666666667
1015,3330,0.6666666666666667
3330,2851,0.6086956521739131
1016,3664,0.6666666666666667
1016,3839,0.6666666666666667
3839,2495,0.5555555555555556
2495,3646,0.6521739130434783
1033,2748,0.6666666666666667
1081,1396,0.6666666666666667
1082,982,0.6666666666666667
1082,3790,0.6666666666666667
1145,3174,0.6666666666666667
3174,2539,0.5882352941176471
2539,1079,0.6470588235294117
1079,2912,0.47058823529411764
1079,2197,0.5294117647058824
2197,3267,0.6111111111111112
1175,3804,0.6666666666666667
1177,1388,0.6666666666666667
1177,3460,0.6666666666666667
1248,1864,0.6666666666666667
1261,846,0.6666666666666667
1270,2789,0.6666666666666667
2789,2466,0.6153846153846154
1273,2875,0.6666666666666667
1326,333,0.6666666666666667
333,2683,0.6
1332,1647,0.6666666666666667
1332,1719,0.6666666666666667
1719,1339,0.4375
1719,671,0.625
671,2699,0.6
671,466,0.6666666666666667
1332,2600,0.6666666666666667
1339,2032,0.6666666666666667
1388,169,0.6666666666666667
169,3937,0.625
169,1439,0.6666666666666667
1388,2799,0.6666666666666667
1502,106,0.6666666666666667
106,1128,0.6111111111111112
1128,2853,0.6111111111111112
1128,3693,0.65
106,2971,0.6666666666666667
1527,1797,0.6666666666666667
1555,602,0.6666666666666667
602,409,0.6363636363636364
409,1328,0.5
409,2843,0.5555555555555556
2843,394,0.5454545454545454
394,1444,0.5
1444,3949,0.5384615384615384
2843,2129,0.5833333333333333
2129,836,0.5294117647058824
836,1668,0.5882352941176471
3949,2702,0.6
1328,892,0.6153846153846154
1444,1590,0.6153846153846154
2843,1429,0.6153846153846154
394,1756,0.625
1756,570,0.631578947368421
570,3955,0.6
570,609,0.6111111111111112
409,2246,0.6363636363636364
570,1422,0.6363636363636364
602,1861,0.6363636363636364
602,3078,0.6363636363636364
3078,1886,0.4444444444444444
1886,18,0.625
1444,392,0.6363636363636364
1861,2607,0.6363636363636364
2607,1481,0.4
1481,3481,0.4545454545454546
2607,2000,0.5
2000,3072,0.5
3481,1398,0.5
2000,113,0.5555555555555556
113,3822,0.5454545454545454
113,401,0.5555555555555556
113,2108,0.5555555555555556
113,2318,0.5555555555555556
2000,129,0.5555555555555556
2000,895,0.5555555555555556
2000,2283,0.5555555555555556
2000,3791,0.5555555555555556
401,1835,0.5714285714285714
401,3852,0.5833333333333333
1481,1720,0.5833333333333333
2607,963,0.5833333333333333
113,3088,0.625
2843,877,0.6363636363636364
877,1106,0.36363636363636365
877,3569,0.625
2843,2399,0.6363636363636364
3791,1792,0.6363636363636364
1792,3180,0.6153846153846154
1792,2994,0.631578947368421
602,2771,0.6428571428571428
2607,3749,0.6428571428571428
963,2488,0.6470588235294117
1398,264,0.6470588235294117
3569,186,0.6470588235294117
3569,1964,0.65
3569,973,0.6521739130434783
3569,3566,0.6538461538461539
3566,246,0.6333333333333333
3566,3709,0.6428571428571428
3709,1499,0.6521739130434783
113,3410,0.6666666666666667
3410,1384,0.5714285714285714
129,3160,0.6666666666666667
186,2562,0.6666666666666667
2562,3468,0.625
3468,2905,0.6190476190476191
401,3223,0.6666666666666667
3223,3008,0.6
409,434,0.6666666666666667
434,2269,0.6666666666666667
2269,1702,0.6470588235294117
1702,2893,0.5
2893,826,0.4
2893,1289,0.5384615384615384
1289,887,0.5
1289,2653,0.5714285714285714
887,312,0.6363636363636364
602,21,0.6666666666666667
21,3466,0.6521739130434783
602,832,0.6666666666666667
1429,77,0.6666666666666667
1429,2097,0.6666666666666667
1481,1190,0.6666666666666667
1190,3347,0.6363636363636364
1581,1807,0.6666666666666667
1581,2019,0.6666666666666667
1640,2001,0.6666666666666667
1652,1667,0.6666666666666667
1667,2031,0.65
1657,304,0.6666666666666667
304,2503,0.6666666666666667
1668,3173,0.6666666666666667
1679,2006,0.6666666666666667
1694,604,0.6666666666666667
1694,2906,0.6666666666666667
2906,709,0.2857142857142857
709,1163,0.5454545454545454
2906,1042,0.5555555555555556
1714,1117,0.6666666666666667
1117,801,0.6666666666666667
1715,3915,0.6666666666666667
1727,2679,0.6666666666666667
1728,2518,0.6666666666666667
1734,2354,0.6666666666666667
2354,1834,0.6470588235294117
1745,979,0.6666666666666667
1752,231,0.6666666666666667
1757,158,0.6666666666666667
1769,2625,0.6666666666666667
1770,2207,0.6666666666666667
1786,1063,0.6666666666666667
1792,2854,0.6666666666666667
1828,3926,0.6666666666666667
3926,950,0.6
1855,2191,0.6666666666666667
2191,535,0.4
535,1566,0.625
535,2694,0.625
2694,2041,0.6363636363636364
1566,2855,0.6666666666666667
1858,2982,0.6666666666666667
1910,2796,0.6666666666666667
1929,2841,0.6666666666666667
1932,964,0.6666666666666667
964,2635,0.6666666666666667
1932,1370,0.6666666666666667
1932,2545,0.6666666666666667
2001,3908,0.6666666666666667
2006,36,0.6666666666666667
2011,2524,0.6666666666666667
2019,1697,0.6666666666666667
2019,3660,0.6666666666666667
2032,2549,0.6666666666666667
2050,668,0.6666666666666667
668,258,0.5
258,1593,0.6363636363636364
258,3963,0.6666666666666667
3963,3079,0.6111111111111112
668,2227,0.6666666666666667
2056,2700,0.6666666666666667
2121,35,0.6666666666666667
35,2482,0.6
2121,1202,0.6666666666666667
2162,769,0.6666666666666667
2187,1908,0.6666666666666667
2187,2109,0.6666666666666667
2197,1520,0.6666666666666667
2238,2194,0.6666666666666667
2239,1754,0.6666666666666667
2245,3053,0.6666666666666667
2258,166,0.6666666666666667
2259,329,0.6666666666666667
2267,453,0.6666666666666667
453,3350,0.6666666666666667
2267,888,0.6666666666666667
888,2305,0.6428571428571428
2269,1308,0.6666666666666667
2288,1618,0.6666666666666667
2288,2746,0.6666666666666667
2296,3896,0.6666666666666667
2336,980,0.6666666666666667
980,545,0.6666666666666667
2336,1077,0.6666666666666667
1077,3108,0.5217391304347826
1077,845,0.65
845,2242,0.5294117647058824
1077,3136,0.6666666666666667
2359,1673,0.6666666666666667
2375,3776,0.6666666666666667
2410,3111,0.6666666666666667
2410,3484,0.6666666666666667
2448,14,0.6666666666666667
2457,3772,0.6666666666666667
2462,2582,0.6666666666666667
2482,1904,0.6666666666666667
2495,2781,0.6666666666666667
2498,2029,0.6666666666666667
2531,2387,0.6666666666666667
2562,1346,0.6666666666666667
2609,3150,0.6666666666666667
2623,1092,0.6666666666666667
1092,2015,0.6666666666666667
2626,3462,0.6666666666666667
2683,1151,0.6666666666666667
2684,3611,0.6666666666666667
2742,854,0.6666666666666667
854,2998,0.6470588235294117
854,348,0.65
854,1732,0.65
1732,864,0.4545454545454546
864,1521,0.5833333333333333
2752,11,0.6666666666666667
2771,3245,0.6666666666666667
2799,91,0.6666666666666667
91,65,0.625
2799,2762,0.6666666666666667
2762,1189,0.631578947368421
2830,2605,0.6666666666666667
2843,1303,0.6666666666666667
2843,2432,0.6666666666666667
2854,3147,0.6666666666666667
3147,898,0.6428571428571428
2864,444,0.6666666666666667
444,2456,0.4666666666666667
444,3761,0.6666666666666667
2887,3463,0.6666666666666667
2894,3069,0.6666666666666667
2905,2469,0.6666666666666667
2982,2396,0.6666666666666667
3037,1541,0.6666666666666667
3137,3414,0.6666666666666667
3414,813,0.6153846153846154
3154,1895,0.6666666666666667
1895,3685,0.6363636363636364
3174,3768,0.6666666666666667
3200,220,0.6666666666666667
3203,3860,0.6666666666666667
3205,467,0.6666666666666667
467,753,0.6666666666666667
753,1251,0.5714285714285714
467,1431,0.6666666666666667
467,1630,0.6666666666666667
467,3319,0.6666666666666667
3205,3233,0.6666666666666667
3267,2872,0.6666666666666667
2872,2223,0.6428571428571428
2223,367,0.625
2223,1329,0.6470588235294117
367,882,0.6666666666666667
2223,2159,0.6666666666666667
2872,1580,0.6666666666666667
2872,3034,0.6666666666666667
2872,3680,0.6666666666666667
3313,2770,0.6666666666666667
3381,1335,0.6666666666666667
1335,3446,0.6428571428571428
1335,824,0.6666666666666667
1335,1404,0.6666666666666667
3386,2642,0.6666666666666667
2642,3201,0.6666666666666667
3435,1799,0.6666666666666667
1799,2107,0.5294117647058824
3484,1259,0.6666666666666667
3484,3360,0.6666666666666667
3360,774,0.6363636363636364
3524,1061,0.6666666666666667
3525,685,0.6666666666666667
3533,2237,0.6666666666666667
3533,3551,0.6666666666666667
3558,1577,0.6666666666666667
3567,3633,0.6666666666666667
3569,26,0.6666666666666667
26,2063,0.5
26,880,0.5555555555555556
26,1029,0.625
3634,3758,0.6666666666666667
3646,1612,0.6666666666666667
3723,665,0.6666666666666667
3762,2501,0.6666666666666667
3768,939,0.6666666666666667
939,621,0.6666666666666667
3772,2040,0.6666666666666667
2040,2929,0.6666666666666667
3788,3878,0.6666666666666667
3794,2426,0.6666666666666667
3802,598,0.6666666666666667
3802,1723,0.6666666666666667
3802,2071,0.6666666666666667
3806,2038,0.6666666666666667
3806,2424,0.6666666666666667
3852,3326,0.6666666666666667
3897,2861,0.6666666666666667
3937,502,0.6666666666666667
502,1602,0.6666666666666667
3949,865,0.6666666666666667
3963,123,0.6666666666666667
3963,1207,0.6666666666666667
3965,1783,0.6666666666666667
1783,2862,0.0
1783,3208,0.4
3208,3024,0.5
1783,2010,0.6666666666666667
2010,690,0.5
690,3101,0.5
1783,2124,0.6666666666666667
2010,3393,0.6666666666666667
2124,3405,0.6666666666666667
3024,2134,0.6666666666666667
2134,2380,0.6
2380,342,0.625
3108,914,0.6774193548387097
2851,2805,0.6785714285714286
2805,2557,0.5454545454545454
836,1253,0.6799999999999999
2053,1663,0.6799999999999999
3945,1327,0.6799999999999999
313,2873,0.6818181818181819
315,3424,0.6818181818181819
3424,1045,0.6785714285714286
921,1037,0.6818181818181819
1037,1185,0.6666666666666667
1185,1272,0.6521739130434783
1037,2445,0.6666666666666667
2445,3202,0.6666666666666667
1016,1381,0.6818181818181819
1381,3534,0.5789473684210527
1329,2930,0.6818181818181819
1499,780,0.6818181818181819
1499,3103,0.6818181818181819
1527,17,0.6818181818181819
1987,1075,0.6818181818181819
1075,3471,0.6666666666666667
1075,3738,0.6818181818181819
3738,3494,0.625
2155,3516,0.6818181818181819
3516,156,0.6666666666666667
2197,1312,0.6818181818181819
2282,226,0.6818181818181819
2336,266,0.6818181818181819
2545,2747,0.6818181818181819
2747,1127,0.6538461538461539
3738,1692,0.6818181818181819
1692,995,0.6190476190476191
1692,2523,0.625
2523,1687,0.5384615384615384
1687,1696,0.6470588235294117
1692,850,0.65
3738,3152,0.6818181818181819
3857,784,0.6818181818181819
69,2285,0.6842105263157895
186,2619,0.6842105263157895
273,3544,0.6842105263157895
329,2096,0.6842105263157895
587,2980,0.6842105263157895
2980,3921,0.6470588235294117
2980,60,0.6666666666666667
2980,1653,0.6666666666666667
1653,2182,0.6363636363636364
1653,618,0.6666666666666667
1653,2100,0.6666666666666667
659,1644,0.6842105263157895
803,8,0.6842105263157895
8,2308,0.6666666666666667
803,705,0.6842105263157895
1037,3597,0.6842105263157895
1061,2230,0.6842105263157895
1106,274,0.6842105263157895
1440,655,0.6842105263157895
1687,2062,0.6842105263157895
1702,540,0.6842105263157895
1736,1142,0.6842105263157895
1756,1572,0.6842105263157895
1771,2757,0.6842105263157895
1861,2425,0.6842105263157895
2015,2266,0.6842105263157895
2106,2365,0.6842105263157895
2239,2382,0.6842105263157895
2382,3165,0.6521739130434783
3165,2388,0.6521739130434783
2388,2976,0.6666666666666667
2288,586,0.6842105263157895
2288,703,0.6842105263157895
2296,446,0.6842105263157895
2296,3241,0.6842105263157895
3241,3242,0.65
2387,1173,0.6842105263157895
1173,1111,0.6470588235294117
1173,2381,0.6666666666666667
2450,2713,0.6842105263157895
2531,3125,0.6842105263157895
2562,501,0.6842105263157895
2895,234,0.6842105263157895
3138,3909,0.6842105263157895
3152,3475,0.6842105263157895
3252,4,0.6842105263157895
3468,3339,0.6842105263157895
3534,2033,0.6842105263157895
3598,2566,0.6842105263157895
3963,923,0.6842105263157895
7,3658,0.6875
3658,1393,0.6428571428571428
3658,3415,0.65
3415,1054,0.6190476190476191
1054,1007,0.6842105263157895
113,2941,0.6875
255,733,0.6875
255,1831,0.6875
1831,3332,0.6428571428571428
603,1108,0.6875
742,1597,0.6875
775,3742,0.6875
790,3345,0.6875
960,1058,0.6875
1058,2075,0.6470588235294117
1111,481,0.6875
1145,1116,0.6875
1335,3066,0.6875
3066,160,0.6666666666666667
160,451,0.6785714285714286
1440,2945,0.6875
1458,2776,0.6875
1593,2884,0.6875
1687,2820,0.6875
1792,1463,0.6875
1463,261,0.6428571428571428
1463,2080,0.6666666666666667
2080,3052,0.6842105263157895
2239,1494,0.6875
2257,1772,0.6875
2331,1096,0.6875
2458,3891,0.6875
2579,3057,0.6875
2762,2720,0.6875
2720,39,0.6666666666666667
2872,427,0.6875
2909,1223,0.6875
2985,152,0.6875
3103,3315,0.6875
3131,3119,0.6875
3158,443,0.6875
3158,2758,0.6875
3200,1482,0.6875
3330,931,0.6875
3342,1453,0.6875
3525,211,0.6875
3525,1926,0.6875
3544,490,0.6875
490,1973,0.33333333333333337
490,1666,0.6666666666666667
3567,1651,0.6875
1651,1523,0.6428571428571428
3703,637,0.6875
3776,2791,0.6875
2791,3620,0.625
3789,1172,0.6875
3796,744,0.6875
3897,902,0.6875
902,1402,0.631578947368421
3916,2401,0.6875
3945,1035,0.6875
1035,1240,0.6666666666666667
1240,592,0.6666666666666667
592,3717,0.5454545454545454
592,3654,0.6363636363636364
3654,2314,0.6875
7,568,0.6923076923076923
568,2089,0.6666666666666667
20,875,0.6923076923076923
20,3337,0.6923076923076923
3337,3973,0.46153846153846156
69,2274,0.6923076923076923
259,1606,0.6923076923076923
299,477,0.6923076923076923
401,1214,0.6923076923076923
418,3021,0.6923076923076923
536,1191,0.6923076923076923
553,2348,0.6923076923076923
647,3346,0.6923076923076923
668,1726,0.6923076923076923
719,1946,0.6923076923076923
719,3036,0.6923076923076923
740,419,0.6923076923076923
419,1330,0.6923076923076923
769,3528,0.6923076923076923
803,1314,0.6923076923076923
826,3894,0.6923076923076923
867,2765,0.6923076923076923
939,1735,0.6923076923076923
939,1816,0.6923076923076923
939,1999,0.6923076923076923
939,2726,0.6923076923076923
973,1707,0.6923076923076923
1016,2102,0.6923076923076923
1035,862,0.6923076923076923
862,3477,0.6666666666666667
3477,1119,0.6428571428571428
1035,1819,0.6923076923076923
1819,1636,0.6875
1118,2897,0.6923076923076923
1299,3431,0.6923076923076923
1308,1152,0.6923076923076923
1332,631,0.6923076923076923
1439,3591,0.6923076923076923
1439,3699,0.6923076923076923
1586,1827,0.6923076923076923
1602,822,0.6923076923076923
822,2008,0.6923076923076923
1646,2179,0.6923076923076923
1683,2409,0.6923076923076923
2409,3967,0.6666666666666667
1683,3175,0.6923076923076923
1694,1941,0.6923076923076923
1694,3312,0.6923076923076923
1735,1442,0.6923076923076923
1442,435,0.6666666666666667
435,2840,0.6666666666666667
1769,2952,0.6923076923076923
1822,3046,0.6923076923076923
1886,3579,0.6923076923076923
1895,514,0.6923076923076923
514,3123,0.6842105263157895
2008,1746,0.6923076923076923
1746,3863,0.6923076923076923
2011,135,0.6923076923076923
2238,3918,0.6923076923076923
2267,3195,0.6923076923076923
2296,2597,0.6923076923076923
2410,3694,0.6923076923076923
2425,1295,0.6923076923076923
2448,3164,0.6923076923076923
2545,3586,0.6923076923076923
3586,2648,0.6875
2642,1144,0.6923076923076923
2655,3077,0.6923076923076923
3077,2744,0.6666666666666667
2744,874,0.6666666666666667
874,2280,0.6842105263157895
2280,1049,0.6
2280,413,0.6153846153846154
413,47,0.5
413,3886,0.5833333333333333
3886,821,0.4545454545454546
821,3917,0.4444444444444444
3886,2287,0.5384615384615384
3917,2145,0.5454545454545454
821,3748,0.5833333333333333
3748,3454,0.6
413,1584,0.625
413,3283,0.6363636363636364
3283,3030,0.5454545454545454
3886,1717,0.6428571428571428
3917,2202,0.6428571428571428
2280,402,0.65
413,2764,0.6666666666666667
1584,1065,0.6818181818181819
413,33,0.6875
2661,1070,0.6923076923076923
2674,3075,0.6923076923076923
2683,3606,0.6923076923076923
3606,3070,0.6818181818181819
2684,3842,0.6923076923076923
2744,3647,0.6923076923076923
3647,3221,0.6153846153846154
3647,3333,0.6666666666666667
2775,1347,0.6923076923076923
2786,3571,0.6923076923076923
2805,1074,0.6923076923076923
2891,2177,0.6923076923076923
3075,1801,0.6923076923076923
3077,1413,0.6923076923076923
3223,937,0.6923076923076923
3394,1850,0.6923076923076923
3528,974,0.6923076923076923
3567,491,0.6923076923076923
491,1492,0.6923076923076923
1492,962,0.6875
3587,49,0.6923076923076923
3587,1387,0.6923076923076923
3591,3478,0.6923076923076923
3654,516,0.6923076923076923
3665,795,0.6923076923076923
3757,1156,0.6923076923076923
3768,2408,0.6923076923076923
2408,3939,0.6666666666666667
3885,1184,0.6923076923076923
3963,863,0.6923076923076923
246,1825,0.6956521739130435
1825,3043,0.6666666666666667
3043,1698,0.6470588235294117
1698,3112,0.6666666666666667
3112,1984,0.6666666666666667
322,1302,0.6956521739130435
1302,3526,0.6923076923076923
3526,1274,0.5416666666666667
514,1737,0.6956521739130435
540,2360,0.6956521739130435
2360,1098,0.6
2360,732,0.6363636363636364
2360,3199,0.6923076923076923
3199,3309,0.6
836,2990,0.6956521739130435
850,2660,0.6956521739130435
1295,554,0.6956521739130435
1610,1238,0.6956521739130435
1238,552,0.6799999999999999
552,3401,0.6923076923076923
2197,634,0.6956521739130435
634,93,0.6818181818181819
2198,3756,0.6956521739130435
3756,1603,0.6666666666666667
2382,1005,0.6956521739130435
1005,187,0.6666666666666667
2425,1626,0.6956521739130435
2456,424,0.6956521739130435
2713,3385,0.6956521739130435
2875,3970,0.6956521739130435
2985,87,0.6956521739130435
3250,2849,0.6956521739130435
3339,1575,0.6956521739130435
3516,1749,0.6956521739130435
1749,2303,0.6956521739130435
2303,546,0.6666666666666667
1749,3417,0.6956521739130435
3923,2512,0.6956521739130435
8,2454,0.7
2454,468,0.6875
468,302,0.6363636363636364
28,1414,0.7
30,2300,0.7
2300,2650,0.65
93,3006,0.7
160,2878,0.7
169,131,0.7
131,3188,0.6666666666666667
194,3093,0.7
258,3133,0.7
258,3157,0.7
271,3054,0.7
301,214,0.7
319,1309,0.7
387,294,0.7
387,2025,0.7
2025,3287,0.6363636363636364
401,2773,0.7
414,42,0.7
501,3554,0.7
515,2442,0.7
515,3141,0.7
3141,3506,0.6666666666666667
555,2465,0.7
568,2126,0.7
568,3686,0.7
584,857,0.7
592,3904,0.7
602,1660,0.7
1660,1260,0.625
635,928,0.7
738,268,0.7
745,519,0.7
519,1784,0.6666666666666667
519,1234,0.6818181818181819
769,3444,0.7
825,1410,0.7
913,814,0.7
814,3774,0.6666666666666667
814,560,0.7
921,3617,0.7
3617,144,0.6976744186046512
997,2021,0.7
1017,2346,0.7
1032,1078,0.7
1049,134,0.7
1081,277,0.7
277,3397,0.6666666666666667
1118,1585,0.7
1184,1977,0.7
1977,3972,0.6923076923076923
1260,399,0.7
399,751,0.6
751,3783,0.6666666666666667
751,767,0.7
1335,988,0.7
1435,436,0.7
436,3830,0.6666666666666667
1442,1386,0.7
1458,2639,0.7
2639,559,0.625
2639,2753,0.6923076923076923
1487,3271,0.7
3271,2817,0.5
1511,1132,0.7
1580,3321,0.7
1581,298,0.7
298,1742,0.6363636363636364
1584,1838,0.7
1660,2663,0.7
1665,1569,0.7
1679,619,0.7
1727,1796,0.7
1753,2892,0.7
1828,3828,0.7
1929,915,0.7
1987,1171,0.7
2025,1436,0.7
1436,66,0.6
2033,88,0.7
2075,1632,0.7
2134,1304,0.7
2196,1023,0.7
2218,2997,0.7
2239,400,0.7
2239,2254,0.7
2254,177,0.6956521739130435
2269,1353,0.7
1353,1721,0.6818181818181819
2336,2767,0.7
2356,1938,0.7
2382,2688,0.7
2545,200,0.7
2560,792,0.7
2574,970,0.7
970,3785,0.6
970,828,0.7
2579,218,0.7
2642,2172,0.7
2172,739,0.625
2172,2551,0.6666666666666667
2551,3074,0.6
2551,1729,0.6666666666666667
3074,674,0.6666666666666667
1729,2850,0.7
2764,2335,0.7
2781,3952,0.7
2850,3641,0.7
2854,5,0.7
2903,2904,0.7
2906,3426,0.7
3426,2345,0.6923076923076923
2345,1851,0.6923076923076923
2915,1428,0.7
3008,2657,0.7
3046,1157,0.7
1157,1680,0.6666666666666667
1157,3502,0.6666666666666667
3502,3752,0.5
3502,3803,0.625
3502,1620,0.6666666666666667
3752,391,0.6666666666666667
3067,1073,0.7
3070,2553,0.7
3083,2443,0.7
2443,2500,0.6896551724137931
3133,2728,0.7
3154,2412,0.7
3203,408,0.7
3223,2719,0.7
3250,2163,0.7
3286,1491,0.7
1491,317,0.6666666666666667
3330,1758,0.7
3331,196,0.7
196,1567,0.5555555555555556
196,1026,0.625
1567,2968,0.6923076923076923
3331,1455,0.7
3339,2497,0.7
3435,2599,0.7
3466,2178,0.7
2178,243,0.6
243,3734,0.6363636363636364
3499,3302,0.7
3569,433,0.7
433,1899,0.65
3598,3234,0.7
3624,1773,0.7
3633,1689,0.7
3658,1424,0.7
3665,475,0.7
3686,1863,0.7
3738,71,0.7
3768,3747,0.7
3747,737,0.6538461538461539
3904,3656,0.7
3939,726,0.7
726,3297,0.6818181818181819
3945,1505,0.7
1505,667,0.6666666666666667
1505,3430,0.6666666666666667
30,2592,0.7037037037037037
315,2718,0.7037037037037037
424,3964,0.7037037037037037
3964,856,0.6666666666666667
856,3232,0.5357142857142857
3964,3303,0.6666666666666667
3964,2754,0.6799999999999999
1455,94,0.7037037037037037
94,2960,0.7
2360,1676,0.7037037037037037
2754,96,0.7037037037037037
39,108,0.7058823529411764
108,310,0.6428571428571428
106,2111,0.7058823529411764
2111,3488,0.6666666666666667
3488,1039,0.6521739130434783
110,966,0.7058823529411764
251,2687,0.7058823529411764
2687,2711,0.6666666666666667
394,1333,0.7058823529411764
587,1278,0.7058823529411764
637,2402,0.7058823529411764
740,2564,0.7058823529411764
845,2993,0.7058823529411764
937,3400,0.7058823529411764
940,3592,0.7058823529411764
982,3874,0.7058823529411764
3874,3779,0.6666666666666667
3779,2795,0.631578947368421
1002,3853,0.7058823529411764
1014,3197,0.7058823529411764
1061,2725,0.7058823529411764
2725,76,0.6875
1118,1553,0.7058823529411764
1335,2534,0.7058823529411764
1339,2389,0.7058823529411764
2389,1484,0.6842105263157895
2389,1250,0.6875
2389,2475,0.7
2475,3912,0.5909090909090908
2475,290,0.6956521739130435
1413,1909,0.7058823529411764
1418,654,0.7058823529411764
1444,3408,0.7058823529411764
1602,1874,0.7058823529411764
1635,681,0.7058823529411764
1673,910,0.7058823529411764
1714,543,0.7058823529411764
1726,3750,0.7058823529411764
3750,2585,0.6842105263157895
1997,890,0.7058823529411764
2106,3183,0.7058823529411764
3183,1349,0.65
1349,3020,0.7
3020,558,0.6956521739130435
2223,148,0.7058823529411764
148,1833,0.6875
2239,198,0.7058823529411764
2266,153,0.7058823529411764
2305,398,0.7058823529411764
2324,1960,0.7058823529411764
1960,1547,0.625
2336,1937,0.7058823529411764
2389,2232,0.7058823529411764
2457,2099,0.7058823529411764
2476,564,0.7058823529411764
2531,896,0.7058823529411764
2562,1931,0.7058823529411764
2562,2774,0.7058823529411764
2649,2463,0.7058823529411764
2688,3876,0.7058823529411764
2752,1643,0.7058823529411764
2771,1558,0.7058823529411764
3077,3797,0.7058823529411764
3174,807,0.7058823529411764
3185,547,0.7058823529411764
547,2406,0.7058823529411764
3330,244,0.7058823529411764
3330,1423,0.7058823529411764
3484,1400,0.7058823529411764
3524,2874,0.7058823529411764
3596,191,0.7058823529411764
3658,3684,0.7058823529411764
3666,3552,0.7058823529411764
3694,79,0.7058823529411764
3917,820,0.7058823529411764
4,1266,0.7083333333333333
257,2455,0.7083333333333333
322,642,0.7083333333333333
414,3259,0.7083333333333333
586,3274,0.7083333333333333
1082,3107,0.7083333333333333
1644,2921,0.7083333333333333
1707,2889,0.7083333333333333
1732,1407,0.7083333333333333
1909,3715,0.7083333333333333
3715,1288,0.6666666666666667
2456,92,0.7083333333333333
2469,3384,0.7083333333333333
2544,508,0.7083333333333333
2562,510,0.7083333333333333
2619,253,0.7083333333333333
2687,2474,0.7083333333333333
2712,2292,0.7083333333333333
3070,521,0.7083333333333333
521,2313,0.6818181818181819
2313,3726,0.6190476190476191
3424,3650,0.7083333333333333
3838,2433,0.7083333333333333
2433,3285,0.6666666666666667
3886,2543,0.7083333333333333
980,1479,0.7096774193548387
2718,1953,0.7096774193548387
4,903,0.7142857142857143
903,2914,0.6666666666666667
2914,2991,0.7058823529411764
7,1264,0.7142857142857143
18,2940,0.7142857142857143
19,1196,0.7142857142857143
1196,2876,0.625
36,1945,0.7142857142857143
84,2491,0.7142857142857143
104,3209,0.7142857142857143
108,3378,0.7142857142857143
113,3132,0.7142857142857143
123,3815,0.7142857142857143
128,269,0.7142857142857143
134,1613,0.7142857142857143
194,3031,0.7142857142857143
195,629,0.7142857142857143
204,3799,0.7142857142857143
3799,374,0.6666666666666667
207,425,0.7142857142857143
425,64,0.625
64,2298,0.6363636363636364
64,1315,0.6923076923076923
1315,1877,0.7058823529411764
250,1656,0.7142857142857143
273,1198,0.7142857142857143
369,80,0.7142857142857143
427,2328,0.7142857142857143
2328,489,0.65
2328,1969,0.6818181818181819
1969,3151,0.6842105263157895
440,3486,0.7142857142857143
560,3593,0.7142857142857143
570,1138,0.7142857142857143
587,729,0.7142857142857143
729,3064,0.7
608,500,0.7142857142857143
500,476,0.7142857142857143
619,2627,0.7142857142857143
2627,278,0.6
630,1293,0.7142857142857143
630,2087,0.7142857142857143
2087,1162,0.6875
1162,2066,0.5625
630,2323,0.7142857142857143
709,40,0.7142857142857143
802,3652,0.7142857142857143
807,1465,0.7142857142857143
822,1129,0.7142857142857143
824,1433,0.7142857142857143
863,2533,0.7142857142857143
864,2632,0.7142857142857143
2632,2827,0.7037037037037037
887,916,0.7142857142857143
916,1748,0.7142857142857143
964,3440,0.7142857142857143
974,789,0.7142857142857143
1011,286,0.7142857142857143
1014,3663,0.7142857142857143
1037,2427,0.7142857142857143
2427,2347,0.7
2427,3231,0.7
3231,81,0.6153846153846154
81,683,0.6666666666666667
683,2235,0.7
1070,812,0.7142857142857143
1091,1267,0.7142857142857143
1128,3104,0.7142857142857143
1139,112,0.7142857142857143
1152,2490,0.7142857142857143
1161,1379,0.7142857142857143
1270,59,0.7142857142857143
1273,3316,0.7142857142857143
1306,1614,0.7142857142857143
1335,2658,0.7142857142857143
2658,1095,0.6923076923076923
1335,3265,0.7142857142857143
1435,3833,0.7142857142857143
1463,3595,0.7142857142857143
1502,698,0.7142857142857143
698,1235,0.6666666666666667
698,2787,0.6666666666666667
1563,51,0.7142857142857143
51,284,0.6666666666666667
284,692,0.5714285714285714
1571,3485,0.7142857142857143
1633,2208,0.7142857142857143
2208,735,0.7058823529411764
1665,1377,0.7142857142857143
1377,3240,0.6666666666666667
1694,3099,0.7142857142857143
1719,3632,0.7142857142857143
1769,3464,0.7142857142857143
3464,1875,0.625
1783,3841,0.7142857142857143
1784,3017,0.7142857142857143
1792,2984,0.7142857142857143
1804,2496,0.7142857142857143
2496,3622,0.6842105263157895
2496,372,0.7058823529411764
1807,1044,0.7142857142857143
1822,827,0.7142857142857143
1855,852,0.7142857142857143
852,3469,0.46153846153846156
3469,330,0.7058823529411764
1858,941,0.7142857142857143
1861,3182,0.7142857142857143
1864,3523,0.7142857142857143
1932,607,0.7142857142857143
1987,2176,0.7142857142857143
2008,3819,0.7142857142857143
2032,3635,0.7142857142857143
2050,3443,0.7142857142857143
2072,2669,0.7142857142857143
2074,1787,0.7142857142857143
2109,522,0.7142857142857143
2163,1843,0.7142857142857143
1843,2170,0.7
2170,2459,0.7142857142857143
2183,2673,0.7142857142857143
2208,225,0.7142857142857143
2214,1338,0.7142857142857143
2239,345,0.7142857142857143
2262,228,0.7142857142857143
2266,1243,0.7142857142857143
2266,3236,0.7142857142857143
2267,3284,0.7142857142857143
2296,661,0.7142857142857143
2331,1811,0.7142857142857143
2331,3149,0.7142857142857143
2382,223,0.7142857142857143
2454,2217,0.7142857142857143
2459,1154,0.7142857142857143
2484,3114,0.7142857142857143
2484,3969,0.7142857142857143
2551,2821,0.7142857142857143
2821,1101,0.7
1101,12,0.6
12,68,0.6
1101,3638,0.6363636363636364
68,3539,0.6666666666666667
1101,3361,0.7
2559,1188,0.7142857142857143
2599,1218,0.7142857142857143
1218,3640,0.5
2619,1650,0.7142857142857143
2683,2275,0.7142857142857143
2734,1534,0.7142857142857143
2747,1568,0.7142857142857143
2762,1459,0.7142857142857143
2771,2286,0.7142857142857143
2789,1570,0.7142857142857143
2814,486,0.7142857142857143
2825,203,0.7142857142857143
203,1538,0.6875
2887,75,0.7142857142857143
2891,3179,0.7142857142857143
2911,3900,0.7142857142857143
2923,1130,0.7142857142857143
2934,2017,0.7142857142857143
2968,1755,0.7142857142857143
2968,3767,0.7142857142857143
2984,2790,0.7142857142857143
3020,2153,0.7142857142857143
3021,3009,0.7142857142857143
3028,1800,0.7142857142857143
3039,1529,0.7142857142857143
3085,283,0.7142857142857143
283,2379,0.6666666666666667
3088,2898,0.7142857142857143
3138,3396,0.7142857142857143
3200,2848,0.7142857142857143
3245,2572,0.7142857142857143
3286,378,0.7142857142857143
3287,314,0.7142857142857143
3342,2133,0.7142857142857143
3345,2869,0.7142857142857143
3383,1913,0.7142857142857143
1913,632,0.7142857142857143
3417,2509,0.7142857142857143
3440,2916,0.7142857142857143
2916,3701,0.5
3701,3308,0.4285714285714286
3701,1024,0.625
1024,2076,0.6363636363636364
2076,1528,0.4545454545454546
3701,734,0.6666666666666667
1528,2315,0.6923076923076923
2315,1232,0.7
2916,589,0.7
1232,1763,0.7142857142857143
2315,2385,0.7142857142857143
3460,2047,0.7142857142857143
2047,229,0.6842105263157895
3511,2014,0.7142857142857143
3513,2587,0.7142857142857143
2587,1957,0.6666666666666667
1957,1805,0.6666666666666667
3558,1741,0.7142857142857143
3579,785,0.7142857142857143
3652,1064,0.7142857142857143
3658,3549,0.7142857142857143
3663,1271,0.7142857142857143
3665,3058,0.7142857142857143
3681,2714,0.7142857142857143
3686,2271,0.7142857142857143
3694,370,0.7142857142857143
370,3712,0.6875
3715,1686,0.7142857142857143
3723,415,0.7142857142857143
3743,3219,0.7142857142857143
3785,2344,0.7142857142857143
3789,2436,0.7142857142857143
3806,1901,0.7142857142857143
1901,883,0.6
3806,1925,0.7142857142857143
1925,2036,0.7
3867,3023,0.7142857142857143
3023,2902,0.6666666666666667
3878,3607,0.7142857142857143
3892,1808,0.7142857142857143
3917,2806,0.7142857142857143
3933,583,0.7142857142857143
3936,3493,0.7142857142857143
864,2502,0.71875
8,1900,0.72
14,585,0.72
69,3113,0.72
315,308,0.72
308,2467,0.6190476190476191
414,3282,0.72
3282,1176,0.696969696969697
1176,22,0.6470588235294117
558,3100,0.72
3100,2979,0.6
2979,2420,0.6896551724137931
642,1258,0.72
965,3295,0.72
1381,1150,0.72
1404,1212,0.72
1404,3639,0.72
1459,3568,0.72
1499,3318,0.72
2129,1933,0.72
2254,1149,0.72
2280,1391,0.72
2497,3276,0.72
2566,1169,0.72
2758,3432,0.72
3666,2871,0.72
3666,3065,0.72
8,2357,0.7222222222222222
27,1051,0.7222222222222222
42,2516,0.7222222222222222
84,3135,0.7222222222222222
106,1216,0.7222222222222222
106,1334,0.7222222222222222
251,2364,0.7222222222222222
259,1795,0.7222222222222222
433,3379,0.7222222222222222
512,2717,0.7222222222222222
587,2119,0.7222222222222222
637,3261,0.7222222222222222
850,1867,0.7222222222222222
867,1607,0.7222222222222222
1607,291,0.5714285714285714
874,566,0.7222222222222222
566,909,0.6
880,2965,0.7222222222222222
966,1779,0.7222222222222222
1058,3352,0.7222222222222222
1098,731,0.7222222222222222
1152,996,0.7222222222222222
1197,1627,0.7222222222222222
1207,942,0.7222222222222222
1217,1959,0.7222222222222222
1349,3869,0.7222222222222222
3869,3366,0.7142857142857143
1538,3097,0.7222222222222222
1568,3003,0.7222222222222222
3003,2167,0.7058823529411764
1613,750,0.7222222222222222
750,438,0.6818181818181819
1613,3585,0.7222222222222222
1771,1817,0.7222222222222222
1932,889,0.7222222222222222
2066,580,0.7222222222222222
2080,1532,0.7222222222222222
2106,1557,0.7222222222222222
2197,3227,0.7222222222222222
2232,124,0.7222222222222222
2239,397,0.7222222222222222
2406,1674,0.7222222222222222
1674,1179,0.6875
1674,1695,0.6956521739130435
2408,1224,0.7222222222222222
2466,50,0.7222222222222222
2531,1193,0.7222222222222222
1193,463,0.7142857142857143
2531,2122,0.7222222222222222
2715,121,0.7222222222222222
2762,2785,0.7222222222222222
2771,3166,0.7222222222222222
2854,2148,0.7222222222222222
2875,1187,0.7222222222222222
1187,3127,0.6923076923076923
3182,611,0.7222222222222222
3203,531,0.7222222222222222
3342,1637,0.7222222222222222
3524,1115,0.7222222222222222
3596,145,0.7222222222222222
3620,1365,0.7222222222222222
3781,1903,0.7222222222222222
1903,2045,0.5555555555555556
1903,2373,0.6875
1903,1417,0.6923076923076923
3939,1628,0.7222222222222222
94,3958,0.7241379310344828
424,1669,0.7241379310344828
3265,161,0.7241379310344828
18,2610,0.7272727272727273
29,2640,0.7272727272727273
51,561,0.7272727272727273
561,2888,0.6875
2888,3519,0.7058823529411764
51,3864,0.7272727272727273
104,3836,0.7272727272727273
112,1486,0.7272727272727273
113,922,0.7272727272727273
128,3348,0.7272727272727273
177,3577,0.7272727272727273
253,978,0.7272727272727273
978,498,0.6842105263157895
498,1573,0.7
1573,1739,0.6818181818181819
1739,1826,0.65
978,1307,0.7142857142857143
1739,610,0.72
276,1512,0.7272727272727273
284,1887,0.7272727272727273
319,480,0.7272727272727273
387,2810,0.7272727272727273
2810,897,0.7
413,1399,0.7272727272727273
414,1390,0.7272727272727273
433,127,0.7272727272727273
127,2907,0.7037037037037037
127,2606,0.7083333333333333
2606,1369,0.72
127,2301,0.7222222222222222
474,176,0.7272727272727273
484,1069,0.7272727272727273
502,626,0.7272727272727273
510,1539,0.7272727272727273
553,3780,0.7272727272727273
564,2932,0.7272727272727273
604,1397,0.7272727272727273
1397,2009,0.6875
647,573,0.7272727272727273
647,3786,0.7272727272727273
3786,3055,0.6666666666666667
709,757,0.7272727272727273
719,612,0.7272727272727273
726,1493,0.7272727272727273
814,1634,0.7272727272727273
824,675,0.7272727272727273
675,3888,0.6875
3888,1508,0.65
825,3562,0.7272727272727273
3562,1884,0.7142857142857143
832,1483,0.7272727272727273
871,3272,0.7272727272727273
3272,2446,0.7
913,876,0.7272727272727273
939,2972,0.7272727272727273
974,3,0.7272727272727273
1023,3247,0.7272727272727273
1042,886,0.7272727272727273
1081,2068,0.7272727272727273
1092,2103,0.7272727272727273
1118,3882,0.7272727272727273
3882,1578,0.7142857142857143
1132,3479,0.7272727272727273
1157,2581,0.7272727272727273
1157,3962,0.7272727272727273
1299,1441,0.7272727272727273
1441,2035,0.6923076923076923
2035,976,0.7142857142857143
976,1990,0.7272727272727273
1990,3270,0.6666666666666667
1990,3746,0.6666666666666667
1321,2363,0.7272727272727273
1326,1146,0.7272727272727273
1342,1912,0.7272727272727273
1353,3022,0.7272727272727273
3022,1203,0.7
1375,2877,0.7272727272727273
1392,3063,0.7272727272727273
3063,2073,0.6153846153846154
2073,2800,0.7
1442,2618,0.7272727272727273
2618,2615,0.6363636363636364
1492,3098,0.7272727272727273
1499,2621,0.7272727272727273
1512,2276,0.7272727272727273
1566,816,0.7272727272727273
1572,2920,0.7272727272727273
1653,1862,0.7272727272727273
1862,99,0.6
1657,1870,0.7272727272727273
1807,3545,0.7272727272727273
1855,375,0.7272727272727273
1908,2093,0.7272727272727273
1938,1408,0.7272727272727273
2072,1989,0.7272727272727273
1989,873,0.6363636363636364
2111,3520,0.7272727272727273
2125,2325,0.7272727272727273
2125,3456,0.7272727272727273
2238,1506,0.7272727272727273
2262,2095,0.7272727272727273
2276,2252,0.7272727272727273
2276,3707,0.7272727272727273
2283,868,0.7272727272727273
2283,2142,0.7272727272727273
2286,3824,0.7272727272727273
2288,571,0.7272727272727273
2296,2604,0.7272727272727273
2300,1846,0.7272727272727273
2325,3465,0.7272727272727273
2356,2917,0.7272727272727273
2425,3317,0.7272727272727273
2462,3370,0.7272727272727273
2562,224,0.7272727272727273
224,917,0.7241379310344828
2639,3610,0.7272727272727273
2643,2857,0.7272727272727273
2655,3920,0.7272727272727273
2657,2407,0.7272727272727273
2684,1062,0.7272727272727273
2725,2926,0.7272727272727273
2818,3307,0.7272727272727273
2821,2824,0.7272727272727273
2934,1186,0.7272727272727273
3037,2803,0.7272727272727273
3046,3672,0.7272727272727273
3097,1839,0.7272727272727273
1839,912,0.7142857142857143
912,2522,0.625
912,2761,0.7272727272727273
3109,3327,0.7272727272727273
3154,2535,0.7272727272727273
3154,2542,0.7272727272727273
2542,525,0.6363636363636364
2542,576,0.7272727272727273
3226,303,0.7272727272727273
3241,122,0.7272727272727273
3263,2430,0.7272727272727273
3331,3883,0.7272727272727273
3883,3222,0.6923076923076923
3883,1880,0.7
3222,762,0.7272727272727273
762,2927,0.5714285714285714
762,3367,0.625
762,3439,0.625
2927,174,0.6363636363636364
3439,506,0.7142857142857143
506,154,0.7058823529411764
506,1385,0.7222222222222222
3342,1766,0.7272727272727273
1766,2863,0.6666666666666667
3367,335,0.7272727272727273
3381,3089,0.7272727272727273
3089,3846,0.7
3089,3216,0.7142857142857143
3216,1543,0.7058823529411764
3089,3196,0.7272727272727273
3435,1682,0.7272727272727273
3587,1622,0.7272727272727273
3654,2598,0.7272727272727273
3686,2411,0.7272727272727273
3789,222,0.7272727272727273
3789,3434,0.7272727272727273
3798,168,0.7272727272727273
3965,1981,0.7272727272727273
94,616,0.7307692307692308
200,693,0.7307692307692308
308,900,0.7307692307692308
616,503,0.7307692307692308
503,411,0.6538461538461539
503,2692,0.7241379310344828
1573,3605,0.7307692307692308
2632,2422,0.7307692307692308
2657,2710,0.7307692307692308
2660,3628,0.7307692307692308
3628,1382,0.7037037037037037
3043,3546,0.7307692307692308
3424,2845,0.7307692307692308
3,2135,0.7333333333333334
7,2090,0.7333333333333334
7,2513,0.7333333333333334
7,2547,0.7333333333333334
47,237,0.7333333333333334
59,2802,0.7333333333333334
64,2164,0.7333333333333334
76,1219,0.7333333333333334
167,3829,0.7333333333333334
204,483,0.7333333333333334
214,2206,0.7333333333333334
301,1357,0.7333333333333334
314,1658,0.7333333333333334
409,1337,0.7333333333333334
413,684,0.7333333333333334
424,2290,0.7333333333333334
484,272,0.7333333333333334
560,707,0.7333333333333334
609,1615,0.7333333333333334
667,452,0.7333333333333334
452,2416,0.7
2416,688,0.7272727272727273
668,781,0.7333333333333334
824,1090,0.7333333333333334
1090,2937,0.7222222222222222
847,1254,0.7333333333333334
930,3095,0.7333333333333334
1014,2515,0.7333333333333334
1042,2327,0.7333333333333334
1106,15,0.7333333333333334
1152,2608,0.7333333333333334
1187,593,0.7333333333333334
593,2419,0.6923076923076923
1393,3369,0.7333333333333334
1453,1526,0.7333333333333334
1543,379,0.7333333333333334
1584,3688,0.7333333333333334
1586,3081,0.7333333333333334
1586,3406,0.7333333333333334
1727,1616,0.7333333333333334
1769,946,0.7333333333333334
1805,3380,0.7333333333333334
3380,1821,0.7
1819,3814,0.7333333333333334
1886,656,0.7333333333333334
1886,1623,0.7333333333333334
1887,1072,0.7333333333333334
1895,1297,0.7333333333333334
1297,3835,0.6842105263157895
1908,212,0.7333333333333334
212,860,0.6875
1912,985,0.7333333333333334
1912,3844,0.7333333333333334
1957,1135,0.7333333333333334
1981,2044,0.7333333333333334
2035,3517,0.7333333333333334
2052,456,0.7333333333333334
2102,663,0.7333333333333334
2162,1583,0.7333333333333334
2282,2666,0.7333333333333334
2283,470,0.7333333333333334
2296,1470,0.7333333333333334
2296,3903,0.7333333333333334
2305,1318,0.7333333333333334
2357,3565,0.7333333333333334
2365,1364,0.7333333333333334
2381,3503,0.7333333333333334
2402,1236,0.7333333333333334
2585,150,0.7333333333333334
2597,3299,0.7333333333333334
2673,1594,0.7333333333333334
2684,935,0.7333333333333334
2770,3013,0.7333333333333334
2825,1509,0.7333333333333334
1509,924,0.7333333333333334
2857,2835,0.7333333333333334
2872,2885,0.7333333333333334
2907,1394,0.7333333333333334
2968,2882,0.7333333333333334
3028,3739,0.7333333333333334
3089,2451,0.7333333333333334
2451,1598,0.6666666666666667
3097,3675,0.7333333333333334
3185,1462,0.7333333333333334
3200,347,0.7333333333333334
347,1368,0.6666666666666667
3227,904,0.7333333333333334
3265,1503,0.7333333333333334
3270,1158,0.7333333333333334
3360,1450,0.7333333333333334
3360,2085,0.7333333333333334
3400,2243,0.7333333333333334
2243,1094,0.5
3429,1317,0.7333333333333334
3430,699,0.7333333333333334
3446,748,0.7333333333333334
3494,1280,0.7333333333333334
3513,2733,0.7333333333333334
2733,2628,0.7222222222222222
3605,782,0.7333333333333334
3647,1229,0.7333333333333334
3694,3536,0.7333333333333334
3798,2832,0.7333333333333334
3827,1976,0.7333333333333334
3962,1182,0.7333333333333334
26,2879,0.736842105263158
28,1888,0.736842105263158
84,3623,0.736842105263158
93,1533,0.736842105263158
1533,3956,0.7142857142857143
93,3257,0.736842105263158
211,3491,0.736842105263158
231,1699,0.736842105263158
266,986,0.736842105263158
278,3905,0.736842105263158
413,1283,0.736842105263158
1283,208,0.7083333333333333
631,3229,0.736842105263158
735,1525,0.736842105263158
1525,1467,0.6428571428571428
791,2192,0.736842105263158
808,2069,0.736842105263158
850,377,0.736842105263158
939,300,0.736842105263158
986,2002,0.736842105263158
2002,643,0.6956521739130435
2002,3048,0.6956521739130435
2002,3626,0.6956521739130435
2002,622,0.7
622,2228,0.736842105263158
2228,3392,0.7272727272727273
1037,2751,0.736842105263158
1079,462,0.736842105263158
1111,741,0.736842105263158
1295,1262,0.736842105263158
1262,932,0.7222222222222222
1262,2812,0.7272727272727273
1308,3718,0.736842105263158
1312,2132,0.736842105263158
1353,2856,0.736842105263158
2856,944,0.7222222222222222
1480,953,0.736842105263158
1481,430,0.736842105263158
1511,677,0.736842105263158
677,3451,0.2142857142857143
1573,3447,0.736842105263158
1586,1345,0.736842105263158
1632,511,0.736842105263158
1643,1993,0.736842105263158
1674,975,0.736842105263158
1702,2,0.736842105263158
1745,103,0.736842105263158
1877,617,0.736842105263158
1975,2678,0.736842105263158
2678,2846,0.72
1987,1040,0.736842105263158
1040,2844,0.7222222222222222
2061,1955,0.736842105263158
1955,114,0.7307692307692308
2153,420,0.736842105263158
2269,3407,0.736842105263158
2296,3873,0.736842105263158
2323,2954,0.736842105263158
2375,57,0.736842105263158
57,3402,0.7058823529411764
3402,235,0.6
235,3691,0.7
235,2361,0.7142857142857143
2445,2638,0.736842105263158
2466,2199,0.736842105263158
2497,3578,0.736842105263158
3578,155,0.7
3578,334,0.7333333333333334
334,2676,0.0
2509,53,0.736842105263158
2509,1986,0.736842105263158
1986,2901,0.7142857142857143
1986,3483,0.7222222222222222
2545,197,0.736842105263158
2582,1649,0.736842105263158
2628,3428,0.736842105263158
2712,1996,0.736842105263158
2762,2210,0.736842105263158
2791,967,0.736842105263158
2853,3602,0.736842105263158
2872,3840,0.736842105263158
2915,381,0.736842105263158
3052,1125,0.736842105263158
3081,1133,0.736842105263158
3111,992,0.736842105263158
3174,1574,0.736842105263158
3263,1269,0.736842105263158
1269,1531,0.7083333333333333
1269,2826,0.7222222222222222
2826,3343,0.5625
2826,3769,0.5714285714285714
3769,3548,0.625
2826,3705,0.6428571428571428
3769,62,0.6666666666666667
62,3260,0.7142857142857143
62,1546,0.7307692307692308
1546,164,0.7
3313,2383,0.736842105263158
3440,2511,0.736842105263158
3464,2645,0.736842105263158
3475,3700,0.736842105263158
3534,505,0.736842105263158
3597,3002,0.736842105263158
3633,221,0.736842105263158
3647,201,0.736842105263158
3779,3859,0.736842105263158
3779,3866,0.736842105263158
3790,1865,0.736842105263158
3835,2689,0.736842105263158
3939,2340,0.736842105263158
121,557,0.7391304347826086
523,2955,0.7391304347826086
554,537,0.7391304347826086
603,3821,0.7391304347826086
611,2378,0.7391304347826086
703,3277,0.7391304347826086
875,3588,0.7391304347826086
3588,324,0.6521739130434783
1007,1020,0.7391304347826086
1077,2404,0.7391304347826086
1125,1952,0.7391304347826086
1274,1968,0.7391304347826086
1274,3727,0.7391304347826086
1302,61,0.7391304347826086
1707,2637,0.7391304347826086
1804,3140,0.7391304347826086
3140,697,0.7272727272727273
1969,2659,0.7391304347826086
2239,469,0.7391304347826086
2496,2693,0.7391304347826086
2524,3162,0.7391304347826086
2678,1576,0.7391304347826086
2757,1285,0.7391304347826086
3107,2947,0.7391304347826086
3200,1367,0.7391304347826086
3242,1944,0.7391304347826086
3284,3189,0.7391304347826086
3408,1008,0.7391304347826086
3723,885,0.7391304347826086
885,579,0.7391304347826086
3812,1085,0.7391304347826086
42,245,0.7407407407407407
322,2837,0.7407407407407407
2837,2784,0.6666666666666667
2784,3084,0.6923076923076923
2784,2865,0.7241379310344828
402,948,0.7407407407407407
424,2051,0.7407407407407407
2051,2483,0.6818181818181819
995,2231,0.7407407407407407
1404,2819,0.7407407407407407
1669,3621,0.7407407407407407
2153,338,0.7407407407407407
2425,1629,0.7407407407407407
3048,772,0.7407407407407407
3103,945,0.7407407407407407
3265,1279,0.7407407407407407
3265,2143,0.7407407407407407
3466,3159,0.7407407407407407
827,1868,0.7419354838709677
864,2571,0.7419354838709677
2571,1209,0.7352941176470589
3265,3940,0.7419354838709677
7,597,0.75
597,3609,0.6666666666666667
3609,3340,0.6818181818181819
7,3094,0.75
3094,3387,0.7
8,2320,0.75
19,1982,0.75
26,3011,0.75
28,3044,0.75
3044,2023,0.7222222222222222
39,3834,0.75
3834,798,0.7272727272727273
51,1084,0.75
1084,3535,0.7272727272727273
53,386,0.75
62,3358,0.75
64,1537,0.75
70,2372,0.75
94,3711,0.75
104,2957,0.75
2957,3395,0.7272727272727273
108,2452,0.75
110,143,0.75
118,809,0.75
148,3453,0.75
164,805,0.75
805,3416,0.7391304347826086
805,3968,0.7391304347826086
169,1471,0.75
174,736,0.75
736,147,0.7
736,3763,0.7
194,116,0.75
116,219,0.5
219,1803,0.6923076923076923
1803,1031,0.6923076923076923
195,3737,0.75
3737,2391,0.6
201,936,0.75
207,343,0.75
218,2059,0.75
2059,493,0.625
2059,3325,0.7391304347826086
3325,3951,0.7241379310344828
230,2082,0.75
2082,1844,0.6
253,3398,0.75
258,1923,0.75
1923,2620,0.7333333333333334
261,1468,0.75
286,3300,0.75
301,2866,0.75
310,98,0.75
333,1457,0.75
338,1974,0.75
338,3128,0.75
3128,352,0.6666666666666667
338,3651,0.75
369,660,0.75
369,3661,0.75
370,3735,0.75
379,2651,0.75
380,2317,0.75
2317,3059,0.6842105263157895
402,363,0.75
363,1252,0.7
1252,2634,0.736842105263158
413,2591,0.75
427,445,0.75
435,3086,0.75
436,680,0.75
443,6,0.75
459,473,0.75
459,1344,0.75
465,1350,0.75
1350,1019,0.6923076923076923
467,1361,0.75
477,2190,0.75
491,388,0.75
388,1427,0.7333333333333334
501,432,0.75
511,666,0.75
515,679,0.75
522,3026,0.75
537,853,0.75
545,3061,0.75
547,743,0.75
553,542,0.75
542,1466,0.7
542,2529,0.75
2529,1406,0.7307692307692308
2529,1389,0.7407407407407407
553,1036,0.75
557,450,0.75
450,2973,0.7391304347826086
2973,991,0.7142857142857143
991,3354,0.6799999999999999
3354,2964,0.6799999999999999
2964,3662,0.72
3662,2970,0.6785714285714286
2970,1809,0.6923076923076923
1809,2654,0.6666666666666667
573,3913,0.75
592,2896,0.75
614,1548,0.75
617,3403,0.75
626,3004,0.75
3004,3744,0.5
630,1609,0.75
635,3637,0.75
653,2064,0.75
673,1810,0.75
1810,2759,0.5714285714285714
2759,2115,0.6666666666666667
674,3559,0.75
3559,2302,0.7272727272727273
685,994,0.75
707,3899,0.75
717,1998,0.75
1998,1183,0.6666666666666667
734,704,0.75
736,1780,0.75
746,638,0.75
638,412,0.75
412,3210,0.75
3210,357,0.7241379310344828
750,859,0.75
750,1148,0.75
1148,1514,0.7333333333333334
1148,3087,0.7391304347826086
3087,1331,0.7419354838709677
750,3816,0.75
3816,1341,0.6666666666666667
3816,2939,0.7222222222222222
769,969,0.75
769,3574,0.75
775,708,0.75
795,24,0.75
802,3351,0.75
814,3721,0.75
824,3281,0.75
3281,2311,0.72
825,1591,0.75
863,1767,0.75
1767,3438,0.7333333333333334
886,2339,0.75
895,2613,0.75
897,1641,0.75
912,1815,0.75
1815,3782,0.736842105263158
3782,2811,0.7333333333333334
915,639,0.75
639,3251,0.6470588235294117
3251,2485,0.7222222222222222
639,213,0.736842105263158
917,2429,0.75
921,527,0.75
931,233,0.75
931,1355,0.75
936,3278,0.75
949,657,0.75
964,3001,0.75
970,720,0.75
982,1872,0.75
986,3521,0.75
3521,3413,0.736842105263158
3413,1992,0.7
991,833,0.75
991,2113,0.75
995,1988,0.75
1005,3690,0.75
1011,961,0.75
961,3615,0.0
961,248,0.75
1014,3305,0.75
3305,1239,0.6666666666666667
3305,549,0.7272727272727273
3305,3288,0.7272727272727273
1016,1296,0.75
1017,296,0.75
1024,943,0.75
1049,1395,0.75
1395,1854,0.7435897435897436
1058,838,0.75
1101,1097,0.75
1106,2919,0.75
1111,2665,0.75
2665,3541,0.7333333333333334
1118,2423,0.75
1152,3214,0.75
1153,1733,0.75
1177,366,0.75
366,297,0.7333333333333334
297,3212,0.75
3212,918,0.7142857142857143
3212,318,0.7333333333333334
1177,1762,0.75
1177,2890,0.75
1207,3518,0.75
1232,238,0.75
1267,2922,0.75
1302,344,0.75
1308,365,0.75
365,316,0.75
1318,1411,0.75
1411,1200,0.7
1326,52,0.75
52,2351,0.7058823529411764
1326,2240,0.75
1330,3868,0.75
3868,2472,0.6666666666666667
3868,1325,0.7058823529411764
1335,1076,0.75
1335,1731,0.75
1350,899,0.75
899,1675,0.7272727272727273
899,3954,0.75
1370,2705,0.75
1379,2900,0.75
1390,3648,0.75
1417,1778,0.75
1443,3018,0.75
1452,2722,0.75
1457,2588,0.75
1457,3338,0.75
1458,3126,0.75
1467,716,0.75
1471,3679,0.75
1483,1871,0.75
1487,530,0.75
1493,1237,0.75
1496,3362,0.75
3362,2675,0.5294117647058824
1521,513,0.75
1541,894,0.75
1541,1995,0.75
1995,2204,0.7
1546,878,0.75
1563,25,0.75
25,2277,0.75
1577,1869,0.75
1598,1208,0.75
1615,1516,0.75
1516,3732,0.7142857142857143
1622,1359,0.75
1634,1456,0.75
1635,538,0.75
1641,165,0.75
1652,288,0.75
1670,171,0.75
1726,371,0.75
1732,721,0.75
1763,23,0.75
23,1121,0.75
1763,2953,0.75
2953,3563,0.7
1763,3060,0.75
1771,3795,0.75
1786,2633,0.75
1810,3696,0.75
1839,3482,0.75
1859,1360,0.75
1869,3204,0.75
1875,2723,0.75
1893,140,0.75
1909,336,0.75
1913,280,0.75
280,1889,0.75
1952,3388,0.75
1995,173,0.75
1997,1426,0.75
2001,3090,0.75
2002,3437,0.75
3437,2536,0.7391304347826086
2009,2349,0.75
2011,2839,0.75
2066,1551,0.75
2068,3374,0.75
2102,2561,0.75
2113,1549,0.75
2117,311,0.75
2145,2043,0.75
2043,2353,0.75
2353,3927,0.0
2152,2949,0.75
2152,3583,0.75
2159,1018,0.75
2179,2123,0.75
2192,41,0.75
2194,279,0.75
279,136,0.75
136,2540,0.6875
2204,2868,0.75
2220,1122,0.75
2228,2221,0.75
2239,382,0.75
2283,2415,0.75
2296,760,0.75
2300,776,0.75
2315,2371,0.75
2331,725,0.75
725,1709,0.5833333333333333
1709,627,0.6875
725,1412,0.75
2339,193,0.75
2356,340,0.75
2359,3171,0.75
2360,3029,0.75
2361,1535,0.75
2382,2570,0.75
2389,1430,0.75
2408,1247,0.75
1247,2338,0.75
2338,771,0.625
2338,1552,0.7142857142857143
2338,1713,0.7272727272727273
2338,649,0.75
2415,3805,0.75
3805,2094,0.7222222222222222
2420,3879,0.75
2424,1405,0.75
2424,3589,0.75
2432,1818,0.75
2432,3877,0.75
2448,3292,0.75
2451,843,0.75
2457,454,0.75
2457,806,0.75
2457,1034,0.75
2462,457,0.75
457,3508,0.7333333333333334
3508,3695,0.5833333333333333
3695,3238,0.6
3238,2793,0.7
3238,3467,0.7058823529411764
3695,2769,0.7058823529411764
2462,3368,0.75
2469,3942,0.75
3942,3710,0.6875
2503,1705,0.75
2516,2154,0.75
2518,478,0.75
2522,3604,0.75
2545,2735,0.75
2545,2836,0.75
2551,596,0.75
2562,1824,0.75
2581,3719,0.75
2588,3045,0.75
2660,1942,0.75
2663,2858,0.75
2683,1305,0.75
2719,1195,0.75
2742,2589,0.75
2759,1747,0.75
1747,2057,0.7142857142857143
2775,1840,0.75
2799,640,0.75
2806,2020,0.75
2818,2278,0.75
2825,3697,0.75
2826,2101,0.75
2837,405,0.75
405,1055,0.7222222222222222
2843,3504,0.75
2858,2244,0.75
2244,2966,0.75
2859,3938,0.75
3938,842,0.7
842,1087,0.75
842,3530,0.75
2869,3433,0.75
2872,1782,0.75
1782,1522,0.736842105263158
2893,1504,0.75
2907,3473,0.75
2932,2565,0.75
2565,3509,0.736842105263158
2937,2703,0.75
2985,3148,0.75
3009,952,0.75
952,1432,0.736842105263158
1432,1181,0.7222222222222222
1181,2114,0.7058823529411764
1432,788,0.75
3028,2270,0.75
3037,3310,0.75
3048,3291,0.75
3066,309,0.75
3066,2070,0.75
3080,1631,0.75
3083,3073,0.75
3091,624,0.75
3133,488,0.75
3140,907,0.75
3157,376,0.75
3194,1601,0.75
3205,3047,0.75
3047,89,0.6666666666666667
3236,2833,0.75
3271,1781,0.75
3283,800,0.75
3286,834,0.75
3325,1167,0.75
3326,1971,0.75
3330,499,0.75
3342,625,0.75
3346,1979,0.75
3350,1774,0.75
3380,1764,0.75
1764,179,0.7142857142857143
3415,3007,0.75
3433,1856,0.75
1856,170,0.75
3435,132,0.75
132,137,0.75
3446,1947,0.75
3482,3193,0.75
3484,202,0.75
3502,1823,0.75
3520,3035,0.75
3536,1950,0.75
3538,695,0.75
3563,599,0.75
3605,3603,0.75
3611,2792,0.75
3624,3668,0.75
3647,1102,0.75
3664,3722,0.75
3722,210,0.7272727272727273
3681,1126,0.75
3684,533,0.75
3704,787,0.75
3707,3600,0.75
3600,3115,0.5555555555555556
3600,572,0.75
3600,2552,0.75
3743,1170,0.75
3761,2505,0.75
3774,3025,0.75
3798,2304,0.75
3802,1765,0.75
3806,384,0.75
3806,441,0.75
3814,2027,0.75
3868,74,0.75
3882,3505,0.75
3885,1921,0.75
3908,3941,0.75
3926,2739,0.75
3959,3893,0.75
546,2527,0.7575757575757576
2527,2987,0.6428571428571428
2543,706,0.7575757575757576
3821,2321,0.7575757575757576
161,1848,0.7586206896551724
663,1228,0.7586206896551724
978,3613,0.7586206896551724
1933,1625,0.7586206896551724
2102,3910,0.7586206896551724
2466,3015,0.7586206896551724
2747,447,0.7586206896551724
3945,1143,0.7586206896551724
62,517,0.76
229,2079,0.76
300,2048,0.76
503,472,0.76
552,544,0.76
544,1066,0.7407407407407407
949,2209,0.76
1076,2216,0.76
1258,2147,0.76
1295,2418,0.76
1422,893,0.76
1825,3580,0.76
2048,1454,0.76
2103,3845,0.76
2244,2777,0.76
2378,3612,0.76
2836,1611,0.76
2851,3344,0.76
2900,3787,0.76
2926,2556,0.76
3123,2184,0.76
3277,3336,0.76
3440,495,0.76
3598,830,0.76
3951,1242,0.76
4,2127,0.7619047619047619
221,2444,0.7619047619047619
580,396,0.7619047619047619
606,2306,0.7619047619047619
655,1595,0.7619047619047619
677,968,0.7619047619047619
803,1358,0.7619047619047619
803,2434,0.7619047619047619
907,1704,0.7619047619047619
991,799,0.7619047619047619
799,1057,0.631578947368421
1116,749,0.7619047619047619
749,844,0.75
1349,3050,0.7619047619047619
1355,1373,0.7619047619047619
1521,3676,0.7619047619047619
1573,263,0.7619047619047619
263,492,0.7272727272727273
1693,1053,0.7619047619047619
1754,2137,0.7619047619047619
1804,2441,0.7619047619047619
2009,1222,0.7619047619047619
1222,2992,0.7272727272727273
2159,1638,0.7619047619047619
2176,101,0.7619047619047619
2197,2576,0.7619047619047619
2576,1227,0.75
2199,2745,0.7619047619047619
2206,3228,0.7619047619047619
2244,984,0.7619047619047619
2244,1231,0.7619047619047619
2262,3181,0.7619047619047619
2300,2268,0.7619047619047619
2466,2453,0.7619047619047619
2469,2139,0.7619047619047619
2511,2586,0.7619047619047619
2586,3572,0.75
2582,1639,0.7619047619047619
2689,2736,0.7619047619047619
2699,851,0.7619047619047619
2901,1917,0.7619047619047619
1917,3129,0.75
1917,3246,0.75
3009,1310,0.7619047619047619
3052,1263,0.7619047619047619
3094,3730,0.7619047619047619
3097,2532,0.7619047619047619
3336,3543,0.7619047619047619
3423,1437,0.7619047619047619
3436,951,0.7619047619047619
3484,1140,0.7619047619047619
3562,3489,0.7619047619047619
3663,3862,0.7619047619047619
3867,563,0.7619047619047619
3905,2740,0.7619047619047619
7,1348,0.7647058823529411
106,861,0.7647058823529411
174,796,0.7647058823529411
218,192,0.7647058823529411
329,2486,0.7647058823529411
370,2088,0.7647058823529411
394,641,0.7647058823529411
641,2312,0.7407407407407407
413,682,0.7647058823529411
468,2473,0.7647058823529411
637,1691,0.7647058823529411
740,1785,0.7647058823529411
760,2042,0.7647058823529411
785,3176,0.7647058823529411
852,67,0.7647058823529411
67,600,0.75
875,3759,0.7647058823529411
877,385,0.7647058823529411
385,1294,0.6842105263157895
385,2326,0.7647058823529411
878,1000,0.7647058823529411
898,3778,0.7647058823529411
928,206,0.7647058823529411
975,1920,0.7647058823529411
1920,1446,0.7142857142857143
1446,3389,0.75
1007,2358,0.7647058823529411
1092,529,0.7647058823529411
1250,3755,0.7647058823529411
1348,3033,0.7647058823529411
1350,1030,0.7647058823529411
1505,2112,0.7647058823529411
1522,3170,0.7647058823529411
3170,1798,0.7272727272727273
1581,3669,0.7647058823529411
1698,2151,0.7647058823529411
1895,2671,0.7647058823529411
2036,1374,0.7647058823529411
2050,1403,0.7647058823529411
2087,1600,0.7647058823529411
2127,1010,0.7647058823529411
1010,2289,0.7647058823529411
2257,1241,0.7647058823529411
2269,1067,0.7647058823529411
2399,1559,0.7647058823529411
2457,358,0.7647058823529411
2545,3792,0.7647058823529411
3792,2272,0.7619047619047619
2619,181,0.7647058823529411
2665,227,0.7647058823529411
2672,2967,0.7647058823529411
2877,3110,0.7647058823529411
2890,1759,0.7647058823529411
2914,3708,0.7647058823529411
3708,3353,0.7333333333333334
2968,1671,0.7647058823529411
1671,2690,0.7142857142857143
2690,1892,0.7272727272727273
3138,2299,0.7647058823529411
3141,3329,0.7647058823529411
3215,2224,0.7647058823529411
2224,3881,0.75
3238,956,0.7647058823529411
3317,3458,0.7647058823529411
3346,2229,0.7647058823529411
3360,2165,0.7647058823529411
3380,839,0.7647058823529411
3436,1047,0.7647058823529411
3483,2942,0.7647058823529411
3523,2925,0.7647058823529411
3534,722,0.7647058823529411
3557,45,0.7647058823529411
3665,1890,0.7647058823529411
3690,1876,0.7647058823529411
3780,723,0.7647058823529411
3842,1292,0.7647058823529411
94,1320,0.7666666666666666
414,1178,0.7666666666666666
558,2037,0.7666666666666666
856,1927,0.7666666666666666
1066,2568,0.7666666666666666
1327,2794,0.7666666666666666
1732,1517,0.7666666666666666
2360,2362,0.7666666666666666
2722,3213,0.7666666666666666
3473,2141,0.7666666666666666
2141,1476,0.736842105263158
1476,2188,0.75
1476,3457,0.75
3605,37,0.7666666666666666
3874,3771,0.7666666666666666
3886,390,0.7666666666666666
390,3657,0.6511627906976745
5,1708,0.7692307692307692
51,421,0.7692307692307692
123,2630,0.7692307692307692
131,3294,0.7692307692307692
190,714,0.7692307692307692
219,254,0.7692307692307692
253,2768,0.7692307692307692
263,2369,0.7692307692307692
366,2157,0.7692307692307692
370,460,0.7692307692307692
427,1544,0.7692307692307692
1544,1894,0.7666666666666666
451,1983,0.7692307692307692
453,3040,0.7692307692307692
460,423,0.7692307692307692
572,2180,0.7692307692307692
704,3889,0.7692307692307692
722,1268,0.7692307692307692
748,3817,0.7692307692307692
3817,10,0.7
760,2084,0.7692307692307692
807,1962,0.7692307692307692
808,3399,0.7692307692307692
868,869,0.7692307692307692
874,3198,0.7692307692307692
904,3811,0.7692307692307692
1035,2995,0.7692307692307692
1161,3455,0.7692307692307692
1239,1371,0.7692307692307692
1264,1761,0.7692307692307692
1308,2007,0.7692307692307692
1314,651,0.7692307692307692
1316,2065,0.7692307692307692
1321,2646,0.7692307692307692
1326,2743,0.7692307692307692
1342,3390,0.7692307692307692
1387,3161,0.7692307692307692
1393,1220,0.7692307692307692
1446,811,0.7692307692307692
1465,321,0.7692307692307692
1514,1510,0.7692307692307692
1657,755,0.7692307692307692
1731,1897,0.7692307692307692
1769,3777,0.7692307692307692
1778,3311,0.7692307692307692
1811,3427,0.7692307692307692
3427,3032,0.7
3032,2158,0.7142857142857143
3427,2983,0.75
1817,3843,0.7692307692307692
1834,2279,0.7692307692307692
1969,2656,0.7692307692307692
1994,3724,0.7692307692307692
1995,3837,0.7692307692307692
2019,1165,0.7692307692307692
1165,2899,0.7647058823529411
2063,567,0.7692307692307692
2157,389,0.7692307692307692
389,954,0.75
2182,794,0.7692307692307692
794,1777,0.7692307692307692
2276,818,0.7692307692307692
2280,1244,0.7692307692307692
2419,2211,0.7692307692307692
2432,777,0.7692307692307692
2600,891,0.7692307692307692
2634,3649,0.7692307692307692
2653,262,0.7692307692307692
2673,2662,0.7692307692307692
2684,3946,0.7692307692307692
2705,3741,0.7692307692307692
2840,1319,0.7692307692307692
2968,509,0.7692307692307692
3003,823,0.7692307692307692
3277,3169,0.7692307692307692
3368,955,0.7692307692307692
3414,3459,0.7692307692307692
3433,3931,0.7692307692307692
3591,270,0.7692307692307692
3675,3512,0.7692307692307692
3679,1472,0.7692307692307692
3691,620,0.7692307692307692
3701,1211,0.7692307692307692
3792,295,0.7692307692307692
3802,2086,0.7692307692307692
3918,3027,0.7692307692307692
3933,2018,0.7692307692307692
3964,2499,0.7692307692307692
1169,2961,0.7714285714285715
3471,574,0.7714285714285715
71,3655,0.7727272727272727
212,1383,0.7727272727272727
433,713,0.7727272727272727
603,3237,0.7727272727272727
606,858,0.7727272727272727
607,2077,0.7727272727272727
681,1485,0.7727272727272727
745,241,0.7727272727272727
878,1226,0.7727272727272727
968,1038,0.7727272727272727
1043,3753,0.7727272727272727
1142,1041,0.7727272727272727
1327,3211,0.7727272727272727
1538,1141,0.7727272727272727
1550,2704,0.7727272727272727
1629,3887,0.7727272727272727
1745,1323,0.7727272727272727
1323,1954,0.76
1875,3807,0.7727272727272727
1917,872,0.7727272727272727
1950,16,0.7727272727272727
1977,765,0.7727272727272727
2104,1857,0.7727272727272727
2104,3826,0.7727272727272727
2167,2173,0.7727272727272727
2228,1003,0.7727272727272727
1003,3540,0.6842105263157895
3540,650,0.75
2382,1046,0.7727272727272727
2582,275,0.7727272727272727
2687,1473,0.7727272727272727
2712,3421,0.7727272727272727
2879,3832,0.7727272727272727
3059,1740,0.7727272727272727
3325,2555,0.7727272727272727
3653,2395,0.7727272727272727
3677,2521,0.7727272727272727
3805,3698,0.7727272727272727
1900,3823,0.7741935483870968
2360,2977,0.7741935483870968
3282,3555,0.7741935483870968
3553,2816,0.7741935483870968
914,2944,0.775
11,1873,0.7777777777777778
14,3038,0.7777777777777778
3038,3631,0.7
19,1461,0.7777777777777778
1461,3856,0.7272727272727273
94,1136,0.7777777777777778
112,2233,0.7777777777777778
127,496,0.7777777777777778
258,2297,0.7777777777777778
269,2847,0.7777777777777778
279,3800,0.7777777777777778
328,1832,0.7777777777777778
333,701,0.7777777777777778
333,849,0.7777777777777778
333,2291,0.7777777777777778
372,1878,0.7777777777777778
388,3122,0.7777777777777778
394,2506,0.7777777777777778
466,1287,0.7777777777777778
579,759,0.7777777777777778
598,1587,0.7777777777777778
630,3056,0.7777777777777778
695,3575,0.7777777777777778
698,1501,0.7777777777777778
698,2470,0.7777777777777778
734,993,0.7777777777777778
737,2948,0.7777777777777778
770,2493,0.7777777777777778
814,764,0.7777777777777778
816,2397,0.7777777777777778
854,2881,0.7777777777777778
887,3320,0.7777777777777778
894,2664,0.7777777777777778
910,1685,0.7777777777777778
932,3924,0.7777777777777778
970,139,0.7777777777777778
970,3268,0.7777777777777778
976,2205,0.7777777777777778
994,972,0.7777777777777778
1023,1416,0.7777777777777778
1026,149,0.7777777777777778
1026,2749,0.7777777777777778
1032,2460,0.7777777777777778
1063,1013,0.7777777777777778
1013,2867,0.7777777777777778
1063,2880,0.7777777777777778
1066,3461,0.7777777777777778
1078,34,0.7777777777777778
34,426,0.75
1091,1147,0.7777777777777778
1132,2307,0.7777777777777778
2307,97,0.7692307692307692
1138,3713,0.7777777777777778
1195,46,0.7777777777777778
1337,3016,0.7777777777777778
1384,1716,0.7777777777777778
1424,159,0.7777777777777778
1461,32,0.7777777777777778
1466,2593,0.7777777777777778
1532,2698,0.7777777777777778
1541,3167,0.7777777777777778
1555,2910,0.7777777777777778
1580,3356,0.7777777777777778
1641,1192,0.7777777777777778
1192,3683,0.7777777777777778
1641,3142,0.7777777777777778
1680,3966,0.7777777777777778
1713,2078,0.7777777777777778
1719,3808,0.7777777777777778
1753,2234,0.7777777777777778
1770,3733,0.7777777777777778
1786,551,0.7777777777777778
1856,925,0.7777777777777778
1894,3391,0.7777777777777778
2021,1677,0.7777777777777778
2038,926,0.7777777777777778
2078,3306,0.7777777777777778
2094,1256,0.7777777777777778
2113,1789,0.7777777777777778
2126,3850,0.7777777777777778
2149,3914,0.7777777777777778
2280,2708,0.7777777777777778
2317,3547,0.7777777777777778
2332,1972,0.7777777777777778
2394,1378,0.7777777777777778
2412,1788,0.7777777777777778
2416,3902,0.7777777777777778
2522,1300,0.7777777777777778
2551,2333,0.7777777777777778
2655,3537,0.7777777777777778
2662,3412,0.7777777777777778
2671,835,0.7777777777777778
2711,1109,0.7777777777777778
2742,142,0.7777777777777778
2768,1052,0.7777777777777778
2787,1068,0.7777777777777778
2815,3745,0.7777777777777778
2880,3372,0.7777777777777778
2894,3522,0.7777777777777778
2901,3872,0.7777777777777778
3872,1221,0.7692307692307692
2902,471,0.7777777777777778
2929,793,0.7777777777777778
2985,2936,0.7777777777777778
2936,2510,0.7142857142857143
3045,591,0.7777777777777778
3083,2525,0.7777777777777778
3119,1255,0.7777777777777778
1255,1103,0.7692307692307692
3281,783,0.7777777777777778
3285,1659,0.7777777777777778
3300,1006,0.7777777777777778
3300,1028,0.7777777777777778
3305,417,0.7777777777777778
3311,72,0.7777777777777778
3328,761,0.7777777777777778
761,1791,0.6
3328,2421,0.7777777777777778
3399,1204,0.7777777777777778
3410,3670,0.7777777777777778
3670,1790,0.625
3412,3847,0.7777777777777778
3606,817,0.7777777777777778
3607,3293,0.7777777777777778
3610,2366,0.7777777777777778
3634,2160,0.7777777777777778
3634,3496,0.7777777777777778
3641,1083,0.7777777777777778
1083,3254,0.7777777777777778
1083,3818,0.7777777777777778
3652,2193,0.7777777777777778
3666,715,0.7777777777777778
3688,2852,0.7777777777777778
3701,1524,0.7777777777777778
3732,1448,0.7777777777777778
3774,1617,0.7777777777777778
3789,100,0.7777777777777778
3806,1561,0.7777777777777778
3806,1648,0.7777777777777778
3835,163,0.7777777777777778
3872,2405,0.7777777777777778
3949,2601,0.7777777777777778
2601,157,0.736842105263158
2833,1588,0.78125
3191,2569,0.78125
3756,929,0.78125
929,1048,0.7666666666666666
1048,3858,0.76
121,1507,0.782608695652174
433,3740,0.782608695652174
456,2668,0.782608695652174
557,534,0.782608695652174
824,256,0.782608695652174
935,1951,0.782608695652174
1162,3714,0.782608695652174
1269,2520,0.782608695652174
1637,2611,0.782608695652174
1756,1760,0.782608695652174
1890,2766,0.782608695652174
2028,1001,0.782608695652174
2048,2595,0.782608695652174
2405,3500,0.782608695652174
2467,1605,0.782608695652174
2557,1934,0.782608695652174
2941,306,0.782608695652174
3048,3594,0.782608695652174
3097,2256,0.782608695652174
3554,550,0.782608695652174
3661,3365,0.782608695652174
3858,2128,0.782608695652174
2128,1879,0.7692307692307692
7,1277,0.7857142857142857
66,2392,0.7857142857142857
129,938,0.7857142857142857
150,3139,0.7857142857142857
219,3728,0.7857142857142857
249,265,0.7857142857142857
258,3570,0.7857142857142857
481,2507,0.7857142857142857
535,1907,0.7857142857142857
621,773,0.7857142857142857
651,2398,0.7857142857142857
720,2538,0.7857142857142857
737,2295,0.7857142857142857
2295,3178,0.7741935483870968
786,2677,0.7857142857142857
794,2596,0.7857142857142857
828,1793,0.7857142857142857
863,1836,0.7857142857142857
864,428,0.7857142857142857
868,810,0.7857142857142857
915,3156,0.7857142857142857
945,3012,0.7857142857142857
3012,3687,0.782608695652174
986,2584,0.7857142857142857
993,95,0.7857142857142857
1005,3813,0.7857142857142857
1031,2481,0.7857142857142857
1148,2834,0.7857142857142857
1157,1257,0.7857142857142857
1176,3957,0.7857142857142857
1191,182,0.7857142857142857
1412,3561,0.7857142857142857
1467,85,0.7857142857142857
85,3659,0.75
3659,1776,0.75
1486,2140,0.7857142857142857
1677,2334,0.7857142857142857
1709,130,0.7857142857142857
1721,3944,0.7857142857142857
1755,3239,0.7857142857142857
2025,1710,0.7857142857142857
2066,578,0.7857142857142857
2145,3230,0.7857142857142857
2196,756,0.7857142857142857
2357,3961,0.7857142857142857
2392,901,0.7857142857142857
2424,1922,0.7857142857142857
2432,2480,0.7857142857142857
2446,623,0.7857142857142857
2457,2933,0.7857142857142857
2933,2935,0.75
2933,1089,0.7692307692307692
2480,1513,0.7857142857142857
2560,2624,0.7857142857142857
2591,442,0.7857142857142857
2663,1554,0.7857142857142857
2843,1725,0.7857142857142857
2856,1022,0.7857142857142857
2875,2273,0.7857142857142857
2273,1050,0.7777777777777778
1050,1301,0.6666666666666667
1301,3515,0.6923076923076923
3515,3062,0.75
2901,628,0.7857142857142857
2917,2016,0.7857142857142857
3032,1930,0.7857142857142857
3185,2248,0.7857142857142857
3260,548,0.7857142857142857
3372,1104,0.7857142857142857
3458,2376,0.7857142857142857
3484,1460,0.7857142857142857
1460,2798,0.7142857142857143
3502,364,0.7857142857142857
3526,1356,0.7857142857142857
3580,1123,0.7857142857142857
3656,3262,0.7857142857142857
3262,1286,0.7777777777777778
1364,2780,0.7872340425531915
415,3736,0.7878787878787878
546,919,0.7878787878787878
973,111,0.7878787878787878
1813,1168,0.7878787878787878
2352,2931,0.7878787878787878
3688,3922,0.7878787878787878
8,1376,0.7894736842105263
76,404,0.7894736842105263
80,3082,0.7894736842105263
94,1768,0.7894736842105263
148,403,0.7894736842105263
219,1421,0.7894736842105263
340,1898,0.7894736842105263
403,3382,0.7894736842105263
437,2709,0.7894736842105263
544,183,0.7894736842105263
606,2590,0.7894736842105263
748,2225,0.7894736842105263
847,205,0.7894736842105263
924,1845,0.7894736842105263
1270,1579,0.7894736842105263
1538,1883,0.7894736842105263
1601,1961,0.7894736842105263
1648,3618,0.7894736842105263
1848,485,0.7894736842105263
2090,881,0.7894736842105263
2362,1608,0.7894736842105263
2561,1948,0.7894736842105263
2584,1112,0.7894736842105263
2620,109,0.7894736842105263
2640,1380,0.7894736842105263
2669,117,0.7894736842105263
2713,368,0.7894736842105263
2853,3256,0.7894736842105263
2894,2696,0.7894736842105263
2920,3186,0.7894736842105263
3147,3725,0.7894736842105263
3402,1985,0.7894736842105263
3440,3514,0.7894736842105263
3578,2986,0.7894736842105263
3735,3501,0.7894736842105263
3790,2526,0.7894736842105263
3852,1012,0.7894736842105263
3886,1681,0.7894736842105263
3899,710,0.7894736842105263
710,3244,0.7894736842105263
505,1290,0.7916666666666666
713,3102,0.7916666666666666
749,1113,0.7916666666666666
1113,2883,0.782608695652174
859,3000,0.7916666666666666
3000,3121,0.75
931,3253,0.7916666666666666
3253,1915,0.7352941176470589
968,2541,0.7916666666666666
1549,82,0.7916666666666666
1647,3442,0.7916666666666666
1766,3953,0.7916666666666666
1875,3155,0.7916666666666666
1889,260,0.7916666666666666
2247,2447,0.7916666666666666
2287,1059,0.7916666666666666
2395,3911,0.7916666666666666
2849,267,0.7916666666666666
267,337,0.72
2912,526,0.7916666666666666
2992,3947,0.7916666666666666
3082,1284,0.7916666666666666
3261,855,0.7916666666666666
3330,3901,0.7916666666666666
3964,216,0.7916666666666666
121,1642,0.7931034482758621
557,323,0.7931034482758621
1280,3764,0.7931034482758621
3764,3754,0.7307692307692308
1629,1056,0.7931034482758621
3138,3871,0.7931034482758621
3245,1949,0.7931034482758621
3388,2962,0.7931034482758621
1327,1164,0.7941176470588236
1846,3096,0.7941176470588236
3096,1775,0.7804878048780488
1948,3298,0.7941176470588236
3385,1928,0.7941176470588236
3966,581,0.7941176470588236
34,3851,0.8
42,1449,0.8
51,999,0.8
59,2908,0.8
66,3825,0.8
94,461,0.8
461,1939,0.7941176470588236
1939,1131,0.7777777777777778
100,1475,0.8
101,3950,0.8
3950,2554,0.7333333333333334
2554,2024,0.75
2554,1906,0.7894736842105263
2554,2724,0.7894736842105263
107,1820,0.8
112,1469,0.8
160,2250,0.8
168,3116,0.8
170,1806,0.8
257,1935,0.8
268,13,0.8
277,1027,0.8
297,1599,0.8
301,1562,0.8
302,2924,0.8
310,3218,0.8
318,3377,0.8
366,3919,0.8
388,594,0.8
594,934,0.7272727272727273
440,3445,0.8
452,1924,0.8
459,54,0.8
459,1701,0.8
491,3674,0.8
516,724,0.8
724,3556,0.7692307692307692
524,2098,0.8
534,3474,0.8
581,3076,0.8
587,3225,0.8
603,2779,0.8
641,1415,0.8
680,1688,0.8
693,2026,0.8
736,2573,0.8
766,3636,0.8
785,2636,0.8
798,2241,0.8
801,2414,0.8
814,2236,0.8
2236,2367,0.75
822,3943,0.8
823,2504,0.8
826,55,0.8
835,3419,0.8
924,1352,0.8
944,730,0.8
964,2755,0.8
2755,1918,0.7857142857142857
1006,2594,0.8
1065,2049,0.8
1090,332,0.8
1091,115,0.8
1121,3880,0.8
1139,1137,0.8
1137,3643,0.6
1137,2118,0.7272727272727273
2118,1518,0.7272727272727273
1518,2431,0.7
1167,3217,0.8
1197,1155,0.8
1155,3831,0.8
1202,3890,0.8
1237,2091,0.8
2091,3304,0.7647058823529411
3304,2822,0.7857142857142857
1308,1160,0.8
1325,90,0.8
1335,2203,0.8
1340,3765,0.8
1354,633,0.8
633,350,0.8
350,1684,0.8
1380,1596,0.8
1397,1540,0.8
1421,293,0.8
1463,351,0.8
1586,2813,0.8
1604,1956,0.8
1606,2558,0.8
1622,2329,0.8
1644,3773,0.8
1715,3487,0.8
1744,2370,0.8
1792,1751,0.8
1822,1891,0.8
1844,1180,0.8
1844,2788,0.8
1851,292,0.8
1863,3373,0.8
1905,1802,0.8
1941,1902,0.8
1963,1565,0.8
2007,281,0.8
2044,3051,0.8
2048,3005,0.8
2085,2682,0.8
2115,1205,0.8
2124,768,0.8
2166,2449,0.8
2223,577,0.8
2230,215,0.8
2240,2670,0.8
2271,957,0.8
2271,1206,0.8
2287,2105,0.8
2317,3542,0.8
2391,2322,0.8
2410,3582,0.8
2419,2131,0.8
2427,1246,0.8
2490,2222,0.8
2514,1225,0.8
2551,2265,0.8
2573,3255,0.8
2620,1120,0.8
2656,1088,0.8
2779,2156,0.8
2794,2963,0.8
2810,2186,0.8
2186,1134,0.7777777777777778
1134,2969,0.75
2827,2999,0.8
2835,2528,0.8
2850,2181,0.8
2865,520,0.8
2892,2438,0.8
2952,3671,0.8
3012,3248,0.8
3013,676,0.8
676,2730,0.8
3079,3124,0.8
3112,2034,0.8
3283,305,0.8
3360,355,0.8
3423,1488,0.8
3474,1021,0.8
3502,1498,0.8
1498,3224,0.8
1498,3314,0.8
3551,3584,0.8
3553,1866,0.8
3591,1438,0.8
3607,2003,0.8
3663,346,0.8
3678,146,0.8
3708,933,0.8
3757,2138,0.8
3783,3010,0.8
3010,1885,0.8
3859,3324,0.8
3883,3809,0.8
3942,3930,0.8
3955,669,0.8
432,556,0.8055555555555556
1692,1690,0.8064516129032258
1445,1215,0.8076923076923077
1588,3106,0.8076923076923077
1846,2464,0.8076923076923077
2321,2578,0.8076923076923077
2388,2058,0.8076923076923077
3858,1199,0.8076923076923077
593,870,0.8095238095238095
705,1743,0.8095238095238095
1222,2701,0.8095238095238095
1231,1447,0.8095238095238095
1610,2737,0.8095238095238095
1625,2030,0.8095238095238095
1784,541,0.8095238095238095
1905,3190,0.8095238095238095
1924,2918,0.8095238095238095
1968,3359,0.8095238095238095
2217,2831,0.8095238095238095
2446,1477,0.8095238095238095
2606,3449,0.8095238095238095
2759,3645,0.8095238095238095
2806,327,0.8095238095238095
2973,2729,0.8095238095238095
3129,2039,0.8095238095238095
3524,1174,0.8095238095238095
3666,3928,0.8095238095238095
322,1967,0.8108108108108107
36,3531,0.8125
51,2461,0.8125
154,763,0.8125
423,702,0.8125
593,1282,0.8125
621,605,0.8125
685,2092,0.8125
2092,1401,0.8
794,189,0.8125
794,565,0.8125
1014,1515,0.8125
1261,1233,0.8125
1432,175,0.8125
1633,185,0.8125
1651,658,0.8125
1685,1086,0.8125
1086,2697,0.7857142857142857
1764,3134,0.8125
1792,908,0.8125
1826,2629,0.8125
1834,3476,0.8125
2072,1730,0.8125
2370,1409,0.8125
2407,2602,0.8125
2670,2260,0.8125
2260,3480,0.75
2675,1497,0.8125
2764,1474,0.8125
2877,2253,0.8125
3086,240,0.8125
240,959,0.7777777777777778
3322,3906,0.8125
3740,406,0.8125
3763,613,0.8125
3786,449,0.8125
3796,595,0.8125
3869,331,0.8125
3950,691,0.8125
28,1980,0.8148148148148149
386,2575,0.8148148148148149
505,3932,0.8148148148148149
1751,2386,0.8148148148148149
1857,1249,0.8148148148148149
2141,199,0.8148148148148149
2689,3760,0.8148148148148149
3865,1311,0.8148148148148149
1775,2428,0.8157894736842105
51,1324,0.8181818181818181
104,562,0.8181818181818181
171,3925,0.8181818181818181
193,2652,0.8181818181818181
293,3187,0.8181818181818181
306,718,0.8181818181818181
417,3716,0.8181818181818181
3716,239,0.7857142857142857
474,2691,0.8181818181818181
495,1464,0.8181818181818181
515,3581,0.8181818181818181
561,180,0.8181818181818181
654,1213,0.8181818181818181
770,3644,0.8181818181818181
817,455,0.8181818181818181
842,989,0.8181818181818181
877,3153,0.8181818181818181
925,2215,0.8181818181818181
999,2828,0.8181818181818181
2828,3784,0.8
1039,646,0.8181818181818181
1109,3448,0.8181818181818181
1128,184,0.8181818181818181
1157,1919,0.8181818181818181
1332,1545,0.8181818181818181
1373,3220,0.8181818181818181
1398,2417,0.8181818181818181
1416,383,0.8181818181818181
1466,2440,0.8181818181818181
1506,1519,0.8181818181818181
1697,2988,0.8181818181818181
1876,133,0.8181818181818181
2072,410,0.8181818181818181
2084,3729,0.8181818181818181
2145,2530,0.8181818181818181
2368,2617,0.8181818181818181
2490,1322,0.8181818181818181
2589,326,0.8181818181818181
2702,2913,0.8181818181818181
2769,981,0.8181818181818181
2913,3793,0.8181818181818181
2953,645,0.8181818181818181
3033,78,0.8181818181818181
3098,289,0.8181818181818181
3268,2067,0.8181818181818181
3369,2721,0.8181818181818181
2721,487,0.7727272727272727
3580,3861,0.8181818181818181
3678,3243,0.8181818181818181
3686,2809,0.8181818181818181
3744,2350,0.8181818181818181
3816,2185,0.8181818181818181
915,2294,0.8214285714285714
1021,532,0.8214285714285714
347,2959,0.8235294117647058
379,2439,0.8235294117647058
379,3630,0.8235294117647058
533,2342,0.8235294117647058
720,1837,0.8235294117647058
779,1943,0.8235294117647058
823,2171,0.8235294117647058
888,819,0.8235294117647058
1098,3895,0.8235294117647058
1262,728,0.8235294117647058
1262,2783,0.8235294117647058
1426,1166,0.8235294117647058
1543,416,0.8235294117647058
1550,494,0.8235294117647058
1643,1210,0.8235294117647058
1870,209,0.8235294117647058
1876,126,0.8235294117647058
1889,2022,0.8235294117647058
2063,2161,0.8235294117647058
2280,672,0.8235294117647058
2287,575,0.8235294117647058
575,1434,0.16666666666666663
2294,2384,0.8235294117647058
2438,2680,0.8235294117647058
2472,3323,0.8235294117647058
2762,2763,0.8235294117647058
3353,987,0.8235294117647058
3586,325,0.8235294117647058
678,590,0.8260869565217391
1596,2778,0.8260869565217391
2557,1712,0.8260869565217391
2964,3041,0.8260869565217391
3655,1201,0.8260869565217391
57,141,0.8275862068965517
520,2168,0.8275862068965517
3260,3168,0.8275862068965517
3843,3249,0.8275862068965517
43,1265,0.8333333333333334
68,2801,0.8333333333333334
112,393,0.8333333333333334
239,689,0.8333333333333334
309,1829,0.8333333333333334
584,3907,0.8333333333333334
596,2471,0.8333333333333334
608,2081,0.8333333333333334
633,518,0.8333333333333334
757,1847,0.8333333333333334
761,2548,0.8333333333333334
768,2644,0.8333333333333334
2644,119,0.7777777777777778
774,3614,0.8333333333333334
811,3409,0.8333333333333334
822,2928,0.8333333333333334
842,1478,0.8333333333333334
842,3258,0.8333333333333334
902,1936,0.8333333333333334
985,1645,0.8333333333333334
1011,1849,0.8333333333333334
1156,815,0.8333333333333334
1159,1276,0.8333333333333334
1177,1794,0.8333333333333334
1305,479,0.8333333333333334
1425,3184,0.8333333333333334
1466,2567,0.8333333333333334
1471,3573,0.8333333333333334
1475,120,0.8333333333333334
1478,2823,0.8333333333333334
1658,3971,0.8333333333333334
1697,2130,0.8333333333333334
1777,1281,0.8333333333333334
1867,2136,0.8333333333333334
1885,2631,0.8333333333333334
2178,1500,0.8333333333333334
2276,38,0.8333333333333334
2353,2546,0.8333333333333334
2366,1230,0.8333333333333334
2372,2603,0.8333333333333334
2425,3301,0.8333333333333334
3301,83,0.8
2500,3751,0.8333333333333334
2514,339,0.8333333333333334
2538,687,0.8333333333333334
2554,3854,0.8333333333333334
3854,2150,0.8235294117647058
2567,866,0.8333333333333334
2573,1965,0.8333333333333334
2581,2641,0.8333333333333334
2598,3560,0.8333333333333334
2867,3418,0.8333333333333334
3418,1700,0.8
2940,1275,0.8333333333333334
3004,1718,0.8333333333333334
3012,3495,0.8333333333333334
3118,3550,0.8333333333333334
3205,102,0.8333333333333334
3224,1672,0.8333333333333334
3302,2489,0.8333333333333334
3324,2772,0.8333333333333334
3502,905,0.8333333333333334
3508,1025,0.8333333333333334
3524,341,0.8333333333333334
3929,582,0.8333333333333334
2819,353,0.8387096774193549
353,373,0.8275862068965517
3325,320,0.8387096774193549
489,528,0.84
706,2174,0.84
2581,3627,0.84
155,3163,0.8421052631578947
620,2437,0.8421052631578947
675,3144,0.8421052631578947
793,1489,0.8421052631578947
1090,3130,0.8421052631578947
1365,1298,0.8421052631578947
1413,3608,0.8421052631578947
1722,3146,0.8421052631578947
1907,2808,0.8421052631578947
3329,217,0.8421052631578947
97,3275,0.8461538461538461
159,2616,0.8461538461538461
573,569,0.8461538461538461
720,1560,0.8461538461538461
1560,172,0.8333333333333334
749,1724,0.8461538461538461
928,664,0.8461538461538461
996,252,0.8461538461538461
1121,1853,0.8461538461538461
1170,1814,0.8461538461538461
1223,2393,0.8461538461538461
1340,48,0.8461538461538461
1876,3616,0.8461538461538461
1930,125,0.8461538461538461
2078,2741,0.8461538461538461
2123,2343,0.8461538461538461
2124,422,0.8461538461538461
2145,1842,0.8461538461538461
2823,464,0.8461538461538461
3054,2263,0.8461538461538461
3222,2563,0.8461538461538461
3311,3706,0.8461538461538461
3476,1343,0.8461538461538461
3844,3810,0.8461538461538461
3963,1420,0.85
1003,2732,0.8518518518518519
72,3855,0.8571428571428572
243,1536,0.8571428571428572
270,2284,0.8571428571428572
2284,1556,0.7777777777777778
352,2695,0.8571428571428572
582,3576,0.8571428571428572
778,2264,0.8571428571428572
837,3642,0.8571428571428572
1064,1882,0.8571428571428572
1121,1372,0.8571428571428572
1431,2487,0.8571428571428572
1783,3273,0.8571428571428572
1836,3411,0.8571428571428572
1936,1661,0.8571428571428572
1958,3363,0.8571428571428572
2041,2435,0.8571428571428572
2070,1100,0.8571428571428572
2396,2341,0.8571428571428572
2819,1738,0.8571428571428572
3114,1706,0.8571428571428572
3143,2978,0.8571428571428572
3514,31,0.8571428571428572
31,1291,0.75
1927,2005,0.8620689655172413
2873,2201,0.8636363636363636
3417,797,0.8636363636363636
3537,2212,0.8636363636363636
171,287,0.8666666666666667
636,1914,0.8666666666666667
1770,727,0.8666666666666667
3668,2110,0.8666666666666667
3911,1911,0.8695652173913043
1988,395,0.8709677419354839
281,1619,0.875
284,3490,0.875
292,1366,0.875
423,831,0.875
812,2330,0.875
954,2004,0.875
1235,3452,0.875
1531,2782,0.875
2260,2219,0.875
2343,3177,0.875
3744,1110,0.875
1063,2943,0.8888888888888888
1286,2255,0.8888888888888888
1420,2550,0.8888888888888888
2550,1336,0.8571428571428572
1535,2797,0.8888888888888888
2459,2293,0.8888888888888888
887,3206,0.9
1535,662,0.9
1715,3341,0.9
3053,3470,0.9
464,1970,0.9090909090909091
1578,2060,0.9285714285714286
131,482,0.9333333333333333
