273,1736,0.5
2492,2661,0.5454545454545454
1550,2249,0.55
301,2859,0.5555555555555556
1881,2923,0.5555555555555556
848,1635,0.5714285714285714
921,2685,0.5909090909090908
1715,3109,0.625
2661,3092,0.625
958,2226,0.6363636363636364
648,2249,0.65
621,939,0.6666666666666667
738,1527,0.6666666666666667
1527,2226,0.6666666666666667
1881,2661,0.6666666666666667
2448,2934,0.6666666666666667
2514,3109,0.6666666666666667
2195,2685,0.6785714285714286
1664,2685,0.6842105263157895
1861,2425,0.6842105263157895
507,2492,0.6875
507,3085,0.6875
1722,2162,0.6875
63,2011,0.6923076923076923
1313,2934,0.6923076923076923
1363,1859,0.6923076923076923
1494,2331,0.6923076923076923
1527,2377,0.6923076923076923
1855,2448,0.6923076923076923
2331,2791,0.6923076923076923
2934,3085,0.6923076923076923
88,2033,0.7
266,1664,0.7
1091,2448,0.7
1729,2850,0.7
1859,3092,0.7
2249,3085,0.7
2331,3080,0.7
273,1744,0.7058823529411764
1375,1490,0.7083333333333333
226,2685,0.7142857142857143
273,1198,0.7142857142857143
789,974,0.7142857142857143
1014,2223,0.7142857142857143
1218,2599,0.7142857142857143
1527,1683,0.7142857142857143
1666,1744,0.7142857142857143
1811,2331,0.7142857142857143
2661,3021,0.7142857142857143
19,3200,0.7272727272727273
20,66,0.7272727272727273
273,2685,0.7272727272727273
301,2331,0.7272727272727273
1859,2359,0.7272727272727273
1969,2197,0.7272727272727273
20,1722,0.7333333333333334
20,1905,0.7333333333333334
228,1494,0.7333333333333334
347,3200,0.7333333333333334
1340,1363,0.7333333333333334
1527,3085,0.7333333333333334
1658,2408,0.7333333333333334
1905,2011,0.7333333333333334
507,979,0.736842105263158
967,2791,0.736842105263158
1550,2951,0.736842105263158
2331,3165,0.736842105263158
1429,2360,0.7391304347826086
1722,2261,0.7391304347826086
1049,1283,0.7407407407407407
19,458,0.75
19,3080,0.75
20,939,0.75
20,1390,0.75
20,1744,0.75
23,1763,0.75
35,648,0.75
66,467,0.75
222,1744,0.75
277,1905,0.75
387,939,0.75
507,1963,0.75
733,1729,0.75
848,3080,0.75
863,1767,0.75
878,1546,0.75
889,1969,0.75
943,1024,0.75
974,3125,0.75
1091,1834,0.75
1091,1893,0.75
1091,2014,0.75
1313,1439,0.75
1360,1859,0.75
1429,1444,0.75
1444,1861,0.75
1527,1752,0.75
1594,3080,0.75
1635,2408,0.75
1715,1881,0.75
1827,2331,0.75
1864,2492,0.75
1881,2982,0.75
2011,2420,0.75
2033,3125,0.75
2043,2353,0.75
2175,2645,0.75
2331,3125,0.75
2949,3080,0.75
2592,2685,0.7586206896551724
545,921,0.76
564,2261,0.76
1082,1216,0.76
2244,2777,0.76
827,1014,0.7619047619047619
1018,2223,0.7619047619047619
1550,1632,0.7619047619047619
2133,3034,0.7619047619047619
2360,2448,0.7619047619047619
41,1598,0.7647058823529411
63,1635,0.7647058823529411
974,2197,0.7647058823529411
1237,1446,0.7647058823529411
1313,1916,0.7647058823529411
1348,3033,0.7647058823529411
1429,2162,0.7647058823529411
1463,2162,0.7647058823529411
1759,2890,0.7647058823529411
2033,2658,0.7647058823529411
2223,3034,0.7647058823529411
1082,3165,0.7666666666666666
2360,2362,0.7666666666666666
80,2011,0.7692307692307692
123,2630,0.7692307692307692
568,1598,0.7692307692307692
805,2425,0.7692307692307692
558,3097,0.7727272727272727
1429,2920,0.7727272727272727
1807,2365,0.7727272727272727
19,2175,0.7777777777777778
147,1780,0.7777777777777778
297,1339,0.7777777777777778
508,2261,0.7777777777777778
621,2713,0.7777777777777778
629,2514,0.7777777777777778
762,2175,0.7777777777777778
827,1490,0.7777777777777778
922,1835,0.7777777777777778
952,2420,0.7777777777777778
1078,1091,0.7777777777777778
1172,1744,0.7777777777777778
1339,2223,0.7777777777777778
1446,2228,0.7777777777777778
1666,1959,0.7777777777777778
1729,1881,0.7777777777777778
1937,2685,0.7777777777777778
2096,2833,0.7777777777777778
2340,2408,0.7777777777777778
41,2133,0.782608695652174
850,889,0.782608695652174
1429,2286,0.782608695652174
0,2226,0.7857142857142857
88,929,0.7857142857142857
317,2850,0.7857142857142857
733,1830,0.7857142857142857
974,1643,0.7857142857142857
1148,2834,0.7857142857142857
1209,1905,0.7857142857142857
1463,1962,0.7857142857142857
1602,2850,0.7857142857142857
1615,2658,0.7857142857142857
1677,2334,0.7857142857142857
544,1119,0.7878787878787878
443,1494,0.7894736842105263
985,2033,0.7894736842105263
1429,2381,0.7894736842105263
1817,1959,0.7894736842105263
1905,2383,0.7894736842105263
1969,3033,0.7894736842105263
2625,3200,0.7894736842105263
2768,2854,0.7894736842105263
2920,3186,0.7894736842105263
123,1635,0.7916666666666666
1148,2420,0.7916666666666666
2408,2833,0.7916666666666666
2420,2430,0.7931034482758621
19,1014,0.8
20,1157,0.8
21,1463,0.8
46,621,0.8
66,1577,0.8
87,1635,0.8
202,1959,0.8
277,1027,0.8
423,2162,0.8
563,648,0.8
589,2811,0.8
794,1541,0.8
974,2937,0.8
985,1296,0.8
1014,3026,0.8
1087,2014,0.8
1237,2634,0.8
1327,1686,0.8
1346,1444,0.8
1380,1596,0.8
1569,2226,0.8
1622,2359,0.8
1744,1807,0.8
1827,2190,0.8
1863,2791,0.8
1939,2658,0.8
2164,2859,0.8
2381,2854,0.8
1296,1389,0.8055555555555556
1209,1546,0.8064516129032258
1018,1358,0.8076923076923077
88,795,0.8095238095238095
544,1594,0.8095238095238095
558,589,0.8095238095238095
850,1115,0.8095238095238095
881,1348,0.8095238095238095
943,1283,0.8095238095238095
1237,3125,0.8095238095238095
1375,2890,0.8095238095238095
1484,2223,0.8095238095238095
1779,1864,0.8095238095238095
2011,3225,0.8095238095238095
2079,2923,0.8095238095238095
21,2318,0.8125
589,859,0.8125
765,1087,0.8125
922,1825,0.8125
1014,1515,0.8125
1014,1710,0.8125
1129,1602,0.8125
1444,1558,0.8125
1494,1593,0.8125
1598,2334,0.8125
41,1327,0.8148148148148149
1049,2901,0.8148148148148149
23,1024,0.8181818181818181
23,1768,0.8181818181818181
25,1375,0.8181818181818181
41,122,0.8181818181818181
156,347,0.8181818181818181
230,1855,0.8181818181818181
344,859,0.8181818181818181
762,2353,0.8181818181818181
859,2901,0.8181818181818181
925,2014,0.8181818181818181
1157,1919,0.8181818181818181
1283,2353,0.8181818181818181
1348,1551,0.8181818181818181
1541,2615,0.8181818181818181
1825,2920,0.8181818181818181
1830,2821,0.8181818181818181
2011,2290,0.8181818181818181
40,228,0.8235294117647058
40,2615,0.8235294117647058
228,1193,0.8235294117647058
494,1550,0.8235294117647058
621,2963,0.8235294117647058
748,2937,0.8235294117647058
1666,1973,0.8235294117647058
1807,3040,0.8235294117647058
2223,2513,0.8235294117647058
2331,2745,0.8235294117647058
1596,2778,0.8260869565217391
2846,2937,0.8260869565217391
2768,2962,0.8275862068965517
209,1779,0.8333333333333334
302,939,0.8333333333333334
339,2514,0.8333333333333334
467,2417,0.8333333333333334
534,564,0.8333333333333334
568,2599,0.8333333333333334
723,2591,0.8333333333333334
787,2646,0.8333333333333334
863,2398,0.8333333333333334
974,1653,0.8333333333333334
1012,1615,0.8333333333333334
1047,1348,0.8333333333333334
1204,3109,0.8333333333333334
1380,1863,0.8333333333333334
1439,1471,0.8333333333333334
1598,2070,0.8333333333333334
1827,2527,0.8333333333333334
1835,3153,0.8333333333333334
1989,2331,0.8333333333333334
2043,2591,0.8333333333333334
2175,2253,0.8333333333333334
2228,2554,0.8333333333333334
2398,2713,0.8333333333333334
1168,2846,0.8387096774193549
1539,2920,0.8387096774193549
1952,2962,0.8387096774193549
1001,1643,0.84
41,2411,0.8421052631578947
117,2791,0.8421052631578947
147,952,0.8421052631578947
277,2020,0.8421052631578947
346,1859,0.8421052631578947
656,1346,0.8421052631578947
850,2852,0.8421052631578947
1615,1974,0.8421052631578947
2381,3073,0.8421052631578947
301,2211,0.8461538461538461
695,2880,0.8461538461538461
787,1658,0.8461538461538461
925,1206,0.8461538461538461
1022,2854,0.8461538461538461
1275,2014,0.8461538461538461
1385,2420,0.8461538461538461
1439,2489,0.8461538461538461
1937,2233,0.8461538461538461
46,433,0.85
1593,3218,0.85
1968,2223,0.85
1209,1540,0.8518518518518519
1546,2668,0.8518518518518519
273,2777,0.8571428571428572
728,1600,0.8571428571428572
974,1930,0.8571428571428572
1129,2928,0.8571428571428572
1463,1943,0.8571428571428572
1471,2397,0.8571428571428572
1666,2194,0.8571428571428572
2341,2982,0.8571428571428572
2417,2613,0.8571428571428572
564,2936,0.8636363636363636
1115,1600,0.8636363636363636
1389,2880,0.8636363636363636
1421,3097,0.8636363636363636
2249,2251,0.8636363636363636
66,2653,0.8666666666666667
1446,1829,0.8666666666666667
1807,2670,0.8666666666666667
2665,2854,0.8666666666666667
1178,1198,0.8709677419354839
19,2918,0.875
122,1898,0.875
423,831,0.875
455,1882,0.875
578,1600,0.875
777,1863,0.875
905,1157,0.875
987,1861,0.875
1513,1835,0.875
1579,3125,0.875
41,649,0.8823529411764706
582,2616,0.8823529411764706
1348,2616,0.8823529411764706
120,1300,0.8888888888888888
549,1390,0.8888888888888888
1346,2161,0.8888888888888888
2194,3101,0.8888888888888888
2417,2797,0.8888888888888888
1129,2343,0.8947368421052632
66,455,0.9
549,1556,0.9
787,1545,0.9
863,3144,0.9
1283,1300,0.9
1861,1871,0.9
179,1484,0.9047619047619048
66,1213,0.9090909090909091
922,2384,0.9090909090909091
2011,2084,0.9166666666666666
339,1706,0.9230769230769231
1989,2255,0.9285714285714286
346,633,0.9333333333333333
2490,2893,0.7333333333333334
1828,3131,0.75
2080,2301,0.75
1828,2635,0.7777777777777778
1424,1983,0.7916666666666666
902,1828,0.8
1931,2080,0.8
840,3044,0.8125
253,1365,0.8260869565217391
168,2114,0.8333333333333334
253,1931,0.8333333333333334
697,2410,0.8333333333333334
950,1828,0.8333333333333334
950,2013,0.8333333333333334
1032,2410,0.8333333333333334
1682,2635,0.8333333333333334
1808,1828,0.8333333333333334
2080,2893,0.8333333333333334
697,2153,0.8387096774193549
1,253,0.8421052631578947
1,3044,0.8461538461538461
253,513,0.8461538461538461
896,2240,0.8461538461538461
2410,2635,0.8461538461538461
253,1356,0.8518518518518519
1,2640,0.8571428571428572
253,1307,0.8571428571428572
809,1365,0.8571428571428572
1365,2240,0.8571428571428572
2298,2301,0.8571428571428572
253,2931,0.8611111111111112
919,3129,0.8620689655172413
1365,1424,0.8636363636363636
1171,2184,0.8648648648648649
896,1682,0.8666666666666667
1365,2520,0.8695652173913043
1922,2128,0.8695652173913043
896,2184,0.875
919,2114,0.875
2013,3164,0.8823529411764706
2301,2480,0.8823529411764706
1190,2080,0.8888888888888888
1922,2410,0.8888888888888888
2298,3106,0.8888888888888888
305,2240,0.8947368421052632
613,3193,0.8947368421052632
919,2153,0.8947368421052632
1424,2597,0.8947368421052632
1496,2410,0.8947368421052632
2441,2893,0.8947368421052632
1828,2935,0.9
253,1747,0.9047619047619048
1185,1931,0.9090909090909091
102,1032,0.9285714285714286
1110,3193,0.9285714285714286
1185,1885,0.9285714285714286
613,2240,0.9375
2136,2410,0.9411764705882353
1009,2579,0.33333333333333337
998,1245,0.5625
27,960,0.5714285714285714
284,692,0.5714285714285714
998,2946,0.625
27,998,0.6428571428571428
960,3145,0.6470588235294117
536,1425,0.6666666666666667
766,786,0.6666666666666667
964,2050,0.6666666666666667
2687,2711,0.6666666666666667
836,1253,0.6799999999999999
203,1538,0.6875
2579,3057,0.6875
2720,2762,0.6875
960,1117,0.6923076923076923
258,821,0.7
258,2050,0.7
1727,1796,0.7
251,2687,0.7058823529411764
637,2402,0.7058823529411764
836,1328,0.7058823529411764
937,1590,0.7058823529411764
960,1797,0.7058823529411764
1590,2687,0.7058823529411764
18,2940,0.7142857142857143
29,1196,0.7142857142857143
258,2884,0.7142857142857143
522,2109,0.7142857142857143
963,1720,0.7142857142857143
1009,2109,0.7142857142857143
251,2524,0.7222222222222222
2436,2786,0.7222222222222222
18,1590,0.7272727272727273
138,1530,0.7272727272727273
413,821,0.7272727272727273
1452,1787,0.7272727272727273
1795,2155,0.7272727272727273
251,766,0.7333333333333334
766,778,0.7333333333333334
1491,3145,0.7333333333333334
1694,2687,0.7333333333333334
2050,3174,0.7333333333333334
910,2946,0.736842105263158
1574,3174,0.736842105263158
920,2455,0.7391304347826086
2524,3162,0.7391304347826086
203,1425,0.75
251,3138,0.75
370,622,0.75
477,2728,0.75
778,920,0.75
821,883,0.75
875,1590,0.75
920,1727,0.75
963,1452,0.75
964,1009,0.75
964,2952,0.75
964,3001,0.75
998,1727,0.75
1163,2888,0.75
1163,3162,0.75
1245,1529,0.75
1251,1630,0.75
2402,2549,0.75
3000,3121,0.75
138,1245,0.76
644,2786,0.7619047619047619
2495,2524,0.7619047619047619
413,682,0.7647058823529411
477,2874,0.7647058823529411
536,2874,0.7647058823529411
2208,2875,0.7647058823529411
2,18,0.7692307692307692
258,2762,0.7692307692307692
477,1694,0.7692307692307692
477,2050,0.7692307692307692
1530,3143,0.7692307692307692
2720,2836,0.7727272727272727
29,1694,0.7777777777777778
284,824,0.7777777777777778
333,849,0.7777777777777778
474,1727,0.7777777777777778
758,1727,0.7777777777777778
780,1328,0.7777777777777778
920,2242,0.7777777777777778
920,2786,0.7777777777777778
920,2955,0.7777777777777778
1109,2711,0.7777777777777778
1689,1694,0.7777777777777778
167,766,0.7857142857142857
477,555,0.7857142857142857
566,849,0.7857142857142857
786,2677,0.7857142857142857
998,2403,0.7857142857142857
1305,2720,0.7857142857142857
1328,1398,0.7857142857142857
2276,2762,0.7857142857142857
2666,2786,0.7857142857142857
192,2762,0.7894736842105263
1572,1590,0.7894736842105263
2875,3138,0.7894736842105263
18,1328,0.8
139,828,0.8
143,758,0.8
219,251,0.8
258,453,0.8
271,2663,0.8
333,536,0.8
370,1398,0.8
413,3121,0.8
477,637,0.8
502,2503,0.8
520,2865,0.8
694,722,0.8
694,2208,0.8
778,2865,0.8
836,1452,0.8
875,1795,0.8
998,2748,0.8
1023,1357,0.8
1054,2358,0.8
1092,1694,0.8
1491,2503,0.8
2186,2810,0.8
2242,3136,0.8
2720,3069,0.8
1258,2671,0.8076923076923077
2875,3217,0.8076923076923077
960,1054,0.8095238095238095
1269,2874,0.8095238095238095
1297,2874,0.8095238095238095
1572,2506,0.8095238095238095
258,1681,0.8125
1432,2968,0.8125
2436,3202,0.8125
2455,2637,0.8148148148148149
27,271,0.8181818181818181
294,2810,0.8181818181818181
384,453,0.8181818181818181
474,2691,0.8181818181818181
780,1810,0.8181818181818181
824,1023,0.8181818181818181
1023,1694,0.8181818181818181
1538,2525,0.8181818181818181
1561,3115,0.8181818181818181
1796,2186,0.8181818181818181
1833,2109,0.8181818181818181
2940,3032,0.8181818181818181
45,766,0.8235294117647058
566,638,0.8235294117647058
1574,1648,0.8235294117647058
1727,2671,0.8235294117647058
521,937,0.8260869565217391
778,2827,0.8260869565217391
1740,2786,0.8260869565217391
2306,2874,0.8260869565217391
2418,2874,0.8260869565217391
1297,3178,0.8275862068965517
27,2997,0.8333333333333334
112,333,0.8333333333333334
170,219,0.8333333333333334
203,2953,0.8333333333333334
384,828,0.8333333333333334
792,1117,0.8333333333333334
1323,1727,0.8333333333333334
1432,2940,0.8333333333333334
1530,2191,0.8333333333333334
1590,1676,0.8333333333333334
2786,3128,0.8333333333333334
2525,2532,0.84
637,2649,0.8421052631578947
637,3056,0.8421052631578947
824,2453,0.8421052631578947
2506,3076,0.8421052631578947
203,1371,0.8461538461538461
676,1727,0.8461538461538461
828,3170,0.8461538461538461
963,1483,0.8461538461538461
1101,3170,0.8461538461538461
1425,2092,0.8461538461538461
55,1787,0.85
442,682,0.85
1452,1751,0.8518518518518519
170,1233,0.8571428571428572
366,2652,0.8571428571428572
413,2105,0.8571428571428572
842,1357,0.8571428571428572
960,1053,0.8571428571428572
993,1432,0.8571428571428572
1322,3001,0.8571428571428572
1789,2828,0.8571428571428572
1927,2050,0.8571428571428572
1934,2506,0.8571428571428572
456,2524,0.8636363636363636
766,1369,0.8636363636363636
872,3128,0.8636363636363636
2495,3135,0.8636363636363636
499,2663,0.8666666666666667
566,1851,0.8666666666666667
637,1599,0.8666666666666667
692,2171,0.8666666666666667
937,1251,0.8666666666666667
1053,2788,0.8666666666666667
1810,2828,0.8666666666666667
2652,3138,0.8666666666666667
192,1857,0.8695652173913043
492,622,0.8695652173913043
18,3115,0.875
150,2342,0.875
150,2762,0.875
271,286,0.875
333,410,0.875
566,2174,0.875
806,2827,0.88
555,1911,0.8823529411764706
1277,2888,0.8823529411764706
2118,3135,0.8823529411764706
18,567,0.8888888888888888
112,1821,0.8888888888888888
286,1438,0.8888888888888888
821,3041,0.8888888888888888
1672,1936,0.8888888888888888
1751,2241,0.8888888888888888
1432,2769,0.8947368421052632
125,2241,0.9
664,2191,0.9
1438,1936,0.9
1810,2540,0.9
90,2532,0.9047619047619048
271,2333,0.9090909090909091
2380,2828,0.9090909090909091
2276,2741,0.9130434782608696
1927,2808,0.9166666666666666
2380,2644,0.9166666666666666
566,1892,0.9333333333333333
1343,2174,0.9333333333333333
482,1797,0.9411764705882353
319,1161,0.7
1714,3053,0.7272727272727273
26,865,0.736842105263158
2254,2456,0.7619047619047619
1714,2508,0.7692307692307692
2508,2609,0.7692307692307692
319,2609,0.7777777777777778
865,2029,0.8095238095238095
843,2416,0.8125
435,1161,0.8235294117647058
1714,2098,0.8333333333333334
1820,2508,0.8333333333333334
1910,2508,0.8333333333333334
2547,2914,0.8333333333333334
2627,2914,0.8333333333333334
2254,2561,0.8387096774193549
843,1467,0.8421052631578947
1467,2165,0.8421052631578947
2914,3151,0.8421052631578947
3,1161,0.8461538461538461
412,2929,0.8461538461538461
412,3151,0.8461538461538461
1656,1714,0.8461538461538461
109,2508,0.85
249,916,0.8571428571428572
249,1910,0.8571428571428572
319,2456,0.8571428571428572
435,2029,0.8571428571428572
1041,2029,0.8571428571428572
1804,2456,0.8636363636363636
886,2456,0.8666666666666667
1161,2305,0.8666666666666667
2586,2929,0.8695652173913043
1591,1910,0.875
3,1229,0.8823529411764706
1467,1897,0.8823529411764706
1467,2627,0.8823529411764706
241,1804,0.8846153846153846
391,1139,0.8888888888888888
2305,2914,0.8888888888888888
3,3152,0.9
319,1798,0.9
358,435,0.9090909090909091
391,2157,0.9090909090909091
1139,2690,0.9090909090909091
391,1897,0.9285714285714286
672,1798,0.9285714285714286
319,541,0.9333333333333333
358,2415,0.9333333333333333
1585,2547,0.9333333333333333
1949,2627,0.9333333333333333
2130,2627,0.9411764705882353
2178,2929,0.9411764705882353
1949,3168,0.9444444444444444
901,2561,0.962962962962963
2519,2686,0.6923076923076923
380,2121,0.7272727272727273
2121,2519,0.75
59,1299,0.7692307692307692
2379,2686,0.7857142857142857
380,2657,0.8
380,2679,0.8
1299,1621,0.8
1299,1748,0.8
1299,3067,0.8
2519,2744,0.8
231,1122,0.8125
1299,2539,0.8125
1621,2379,0.8181818181818181
59,685,0.8235294117647058
2066,2087,0.8235294117647058
685,2971,0.8260869565217391
312,1532,0.8333333333333334
926,2003,0.8333333333333334
1299,3089,0.8333333333333334
1532,2657,0.8333333333333334
322,1299,0.8421052631578947
338,685,0.8421052631578947
1120,2736,0.8421052631578947
1252,2744,0.8421052631578947
2066,2679,0.8421052631578947
380,2476,0.8461538461538461
1122,2519,0.8461538461538461
2210,2971,0.8461538461538461
4,59,0.85
187,2066,0.85
231,1772,0.85
32,2657,0.8571428571428572
53,187,0.8571428571428572
504,2703,0.8571428571428572
685,2206,0.8571428571428572
1267,2679,0.8571428571428572
1299,2703,0.8571428571428572
4,505,0.8636363636363636
1113,2703,0.8636363636363636
231,478,0.8666666666666667
338,2248,0.8666666666666667
704,2927,0.8666666666666667
926,1532,0.8666666666666667
463,3067,0.875
1412,2066,0.875
1791,1844,0.875
4,2736,0.88
504,1868,0.88
1418,2210,0.88
59,2558,0.8823529411764706
187,1192,0.8823529411764706
312,1106,0.8823529411764706
312,1460,0.8823529411764706
505,1464,0.8823529411764706
2539,3167,0.8823529411764706
704,1460,0.8888888888888888
1267,1519,0.8888888888888888
1748,1985,0.8947368421052632
2167,2657,0.896551724137931
1619,2539,0.9130434782608696
518,1120,0.9166666666666666
569,2248,0.9166666666666666
380,1791,0.9230769230769231
1868,3212,0.9310344827586207
1746,2703,0.9375
504,2959,0.9411764705882353
704,3161,0.9411764705882353
926,2986,0.9411764705882353
4,2330,1.0
1929,2200,0.4
104,1351,0.5
887,1289,0.5
2000,3072,0.5
1077,3108,0.5217391304347826
30,1017,0.5294117647058824
615,775,0.5454545454545454
1458,1822,0.5454545454545454
775,2580,0.5555555555555556
1655,1997,0.5555555555555556
431,2257,0.5625
73,1966,0.5714285714285714
431,775,0.5714285714285714
608,1652,0.5882352941176471
236,437,0.6
671,2699,0.6
712,775,0.6
2498,2580,0.6
106,1128,0.6111111111111112
110,1002,0.6153846153846154
448,2738,0.6153846153846154
1002,2738,0.6153846153846154
2466,2789,0.6153846153846154
553,1351,0.625
671,1719,0.625
1326,2238,0.625
1547,1960,0.625
1769,2911,0.625
971,1248,0.6363636363636364
1481,2000,0.6363636363636364
1703,2981,0.6363636363636364
615,884,0.6428571428571428
1458,1678,0.6428571428571428
2012,2626,0.6428571428571428
2498,3068,0.6470588235294117
845,1077,0.65
884,3207,0.65
1739,1826,0.65
2531,2815,0.65
43,356,0.6666666666666667
58,1745,0.6666666666666667
407,553,0.6666666666666667
407,1342,0.6666666666666667
448,712,0.6666666666666667
448,1745,0.6666666666666667
587,790,0.6666666666666667
775,1655,0.6666666666666667
884,1175,0.6666666666666667
892,1668,0.6666666666666667
1037,2445,0.6666666666666667
1248,1745,0.6666666666666667
1342,2055,0.6666666666666667
1342,2580,0.6666666666666667
1580,2872,0.6666666666666667
1652,1667,0.6666666666666667
1655,1753,0.6666666666666667
1754,2789,0.6666666666666667
1929,2707,0.6666666666666667
1932,2545,0.6666666666666667
2288,2746,0.6666666666666667
2466,2545,0.6666666666666667
2531,2752,0.6666666666666667
914,3108,0.6774193548387097
1663,2053,0.6799999999999999
1037,2426,0.6818181818181819
1065,1584,0.6818181818181819
2545,2747,0.6818181818181819
30,1771,0.6842105263157895
30,2288,0.6842105263157895
655,1440,0.6842105263157895
703,2288,0.6842105263157895
874,2280,0.6842105263157895
1652,2706,0.6842105263157895
1754,2531,0.6842105263157895
212,860,0.6875
427,2872,0.6875
995,1932,0.6875
1640,2531,0.6875
712,2842,0.6923076923076923
1031,1803,0.6923076923076923
1187,3127,0.6923076923076923
1966,2738,0.6923076923076923
2674,3075,0.6923076923076923
554,1295,0.6956521739130435
1274,1520,0.6956521739130435
106,2388,0.7
166,1342,0.7
431,3071,0.7
587,2388,0.7
587,2989,0.7
615,1419,0.7
790,1096,0.7
814,913,0.7
814,3201,0.7
1017,2346,0.7
1248,1812,0.7
1458,2019,0.7
1458,2639,0.7
1753,2892,0.7
1769,2639,0.7
1987,2288,0.7
2089,2126,0.7
2580,2981,0.7
52,2351,0.7058823529411764
431,2214,0.7058823529411764
1061,3066,0.7058823529411764
1308,2497,0.7058823529411764
510,2562,0.7083333333333333
2747,3221,0.7083333333333333
30,1077,0.7142857142857143
104,1660,0.7142857142857143
218,2842,0.7142857142857143
232,884,0.7142857142857143
236,1745,0.7142857142857143
268,1753,0.7142857142857143
349,1753,0.7142857142857143
362,2842,0.7142857142857143
607,1932,0.7142857142857143
665,1784,0.7142857142857143
734,2916,0.7142857142857143
940,2281,0.7142857142857143
940,2498,0.7142857142857143
1037,2427,0.7142857142857143
1175,1667,0.7142857142857143
1188,2559,0.7142857142857143
1404,2531,0.7142857142857143
1552,2338,0.7142857142857143
1568,2747,0.7142857142857143
1663,1745,0.7142857142857143
1753,2355,0.7142857142857143
1754,2308,0.7142857142857143
1771,2427,0.7142857142857143
1850,1966,0.7142857142857143
1929,3117,0.7142857142857143
2285,2491,0.7142857142857143
2424,3006,0.7142857142857143
610,1739,0.72
995,2660,0.72
1150,1381,0.72
1169,2566,0.72
1212,1404,0.72
1391,2280,0.72
177,2559,0.7222222222222222
587,2285,0.7222222222222222
995,2820,0.7222222222222222
1651,2198,0.7222222222222222
1651,2285,0.7222222222222222
2198,2998,0.7222222222222222
914,2577,0.7241379310344828
30,486,0.7272727272727273
196,3215,0.7272727272727273
276,2775,0.7272727272727273
348,2531,0.7272727272727273
553,2864,0.7272727272727273
553,3215,0.7272727272727273
775,2626,0.7272727272727273
814,1634,0.7272727272727273
1506,2238,0.7272727272727273
1713,2338,0.7272727272727273
2355,2501,0.7272727272727273
2427,2559,0.7272727272727273
2531,2681,0.7272727272727273
177,1238,0.7307692307692308
503,616,0.7307692307692308
1406,2529,0.7307692307692308
278,619,0.7333333333333334
593,1187,0.7333333333333334
681,1703,0.7333333333333334
928,1108,0.7333333333333334
946,1769,0.7333333333333334
1108,3158,0.7333333333333334
1445,2126,0.7333333333333334
1458,2232,0.7333333333333334
1745,3201,0.7333333333333334
1850,2820,0.7333333333333334
2000,3132,0.7333333333333334
2545,2673,0.7333333333333334
7,1627,0.736842105263158
103,1745,0.736842105263158
278,3006,0.736842105263158
587,2531,0.736842105263158
884,3150,0.736842105263158
986,2002,0.736842105263158
1037,2751,0.736842105263158
1404,2872,0.736842105263158
2288,2531,0.736842105263158
2373,2388,0.736842105263158
264,880,0.7391304347826086
400,995,0.7391304347826086
400,1381,0.7391304347826086
917,2562,0.7391304347826086
990,2053,0.7391304347826086
1149,2288,0.7391304347826086
2235,3065,0.7391304347826086
2947,3107,0.7391304347826086
1404,2819,0.7407407407407407
1331,3087,0.7419354838709677
1521,2502,0.7419354838709677
7,278,0.75
52,1326,0.75
132,137,0.75
196,593,0.75
218,1960,0.75
218,2047,0.75
296,1017,0.75
299,2789,0.75
388,491,0.75
405,2837,0.75
448,1440,0.75
491,1651,0.75
553,1036,0.75
553,2442,0.75
587,688,0.75
675,913,0.75
699,1753,0.75
790,3006,0.75
804,1002,0.75
880,1668,0.75
917,1295,0.75
931,1355,0.75
995,1867,0.75
1274,2837,0.75
1302,2842,0.75
1458,3126,0.75
1481,3166,0.75
1782,2872,0.75
1784,2285,0.75
1822,2238,0.75
2000,2142,0.75
2000,2497,0.75
2280,2545,0.75
2285,2742,0.75
2529,2837,0.75
2559,2775,0.75
2660,2705,0.75
510,945,0.7575757575757576
546,2747,0.7575757575757576
1331,2747,0.7575757575757576
503,2747,0.7586206896551724
60,1521,0.76
208,616,0.76
300,2048,0.76
472,503,0.76
300,2826,0.7619047619047619
396,580,0.7619047619047619
438,3221,0.7619047619047619
533,1739,0.7619047619047619
845,2235,0.7619047619047619
1234,2198,0.7619047619047619
1243,2198,0.7619047619047619
1445,1505,0.7619047619047619
1505,2308,0.7619047619047619
1584,2280,0.7619047619047619
132,3006,0.7647058823529411
206,928,0.7647058823529411
276,1224,0.7647058823529411
372,2531,0.7647058823529411
606,2897,0.7647058823529411
990,1223,0.7647058823529411
1030,1350,0.7647058823529411
1188,1578,0.7647058823529411
1241,2257,0.7647058823529411
1318,1440,0.7647058823529411
1578,2897,0.7647058823529411
1628,2742,0.7647058823529411
1703,2921,0.7647058823529411
1877,2674,0.7647058823529411
2288,2372,0.7647058823529411
2364,2864,0.7647058823529411
1288,1406,0.7666666666666666
1544,1894,0.7666666666666666
86,1238,0.7692307692307692
97,2307,0.7692307692307692
108,774,0.7692307692307692
110,596,0.7692307692307692
299,928,0.7692307692307692
427,1544,0.7692307692307692
450,1295,0.7692307692307692
553,1750,0.7692307692307692
699,2486,0.7692307692307692
1061,1314,0.7692307692307692
1108,1326,0.7692307692307692
1308,2007,0.7692307692307692
1396,2674,0.7692307692307692
1510,1514,0.7692307692307692
1514,1755,0.7692307692307692
1521,2491,0.7692307692307692
1521,2529,0.7692307692307692
1680,2545,0.7692307692307692
1735,2775,0.7692307692307692
2006,2674,0.7692307692307692
2132,2789,0.7692307692307692
2826,2972,0.7692307692307692
103,290,0.7727272727272727
290,1719,0.7727272727272727
606,858,0.7727272727272727
681,1485,0.7727272727272727
735,1719,0.7727272727272727
944,3022,0.7727272727272727
1402,2738,0.7727272727272727
2232,2659,0.7727272727272727
2467,2499,0.7727272727272727
33,2335,0.7777777777777778
43,1624,0.7777777777777778
104,399,0.7777777777777778
104,1396,0.7777777777777778
110,1781,0.7777777777777778
220,1326,0.7777777777777778
264,1481,0.7777777777777778
300,1406,0.7777777777777778
342,2134,0.7777777777777778
400,469,0.7777777777777778
481,2770,0.7777777777777778
553,2279,0.7777777777777778
587,1941,0.7777777777777778
596,3074,0.7777777777777778
681,2806,0.7777777777777778
853,2009,0.7777777777777778
853,3066,0.7777777777777778
892,1626,0.7777777777777778
1061,2998,0.7777777777777778
1337,3016,0.7777777777777778
1626,2562,0.7777777777777778
1655,2093,0.7777777777777778
2000,3074,0.7777777777777778
2177,2257,0.7777777777777778
2275,2368,0.7777777777777778
2355,2560,0.7777777777777778
2545,3090,0.7777777777777778
2654,3022,0.7777777777777778
2916,3060,0.7777777777777778
1775,3096,0.7804878048780488
415,1150,0.78125
236,2069,0.782608695652174
655,1765,0.782608695652174
978,1295,0.782608695652174
1074,2562,0.782608695652174
1259,1295,0.782608695652174
1274,2576,0.782608695652174
1280,2742,0.782608695652174
1295,1337,0.782608695652174
1302,3179,0.782608695652174
1614,3150,0.782608695652174
1651,2499,0.782608695652174
2002,2497,0.782608695652174
2800,3002,0.782608695652174
52,774,0.7857142857142857
108,2182,0.7857142857142857
211,1326,0.7857142857142857
212,2238,0.7857142857142857
300,1531,0.7857142857142857
481,2238,0.7857142857142857
580,814,0.7857142857142857
671,2259,0.7857142857142857
720,1966,0.7857142857142857
720,2538,0.7857142857142857
725,1640,0.7857142857142857
913,2600,0.7857142857142857
945,3012,0.7857142857142857
1514,2882,0.7857142857142857
1640,2307,0.7857142857142857
2577,2974,0.7857142857142857
2581,3158,0.7857142857142857
74,1822,0.7894736842105263
242,3195,0.7894736842105263
362,2352,0.7894736842105263
437,2709,0.7894736842105263
625,2826,0.7894736842105263
699,1739,0.7894736842105263
800,2280,0.7894736842105263
931,2497,0.7894736842105263
1181,2882,0.7894736842105263
1259,3195,0.7894736842105263
1294,2562,0.7894736842105263
1509,1784,0.7894736842105263
1549,2654,0.7894736842105263
1652,1696,0.7894736842105263
1888,1941,0.7894736842105263
526,2912,0.7916666666666666
587,1873,0.7916666666666666
661,2531,0.7916666666666666
1485,3086,0.7916666666666666
1629,2497,0.7916666666666666
2278,3071,0.7916666666666666
2994,3166,0.7916666666666666
260,400,0.7931034482758621
1143,3179,0.7931034482758621
7,24,0.8
13,268,0.8
43,712,0.8
65,1680,0.8
72,130,0.8
218,1929,0.8
342,999,0.8
374,1419,0.8
388,594,0.8
388,3098,0.8
404,1061,0.8
473,2459,0.8
593,666,0.8
610,741,0.8
675,1433,0.8
688,2035,0.8
735,2071,0.8
790,2135,0.8
944,1289,0.8
968,1295,0.8
1030,2531,0.8
1061,2423,0.8
1065,2049,0.8
1088,2656,0.8
1125,3022,0.8
1239,2459,0.8
1248,1321,0.8
1248,2717,0.8
1319,2373,0.8
1326,2134,0.8
1396,2064,0.8
1458,2832,0.8
1501,3158,0.8
1663,3023,0.8
1696,2317,0.8
1719,2991,0.8
1812,2537,0.8
1815,2761,0.8
1894,2369,0.8
2000,3088,0.8
2275,2775,0.8
2307,3222,0.8
2338,2423,0.8
1034,1331,0.8064516129032258
1608,3221,0.8064516129032258
3022,3155,0.8076923076923077
6,3158,0.8095238095238095
235,2974,0.8095238095238095
279,610,0.8095238095238095
279,2696,0.8095238095238095
593,870,0.8095238095238095
608,2835,0.8095238095238095
627,935,0.8095238095238095
800,3020,0.8095238095238095
913,2295,0.8095238095238095
931,3159,0.8095238095238095
1404,1918,0.8095238095238095
2299,2989,0.8095238095238095
2388,3107,0.8095238095238095
154,1031,0.8125
206,767,0.8125
318,1713,0.8125
593,1282,0.8125
1194,1547,0.8125
1239,2826,0.8125
1289,2798,0.8125
1409,2370,0.8125
1481,3182,0.8125
2654,3016,0.8125
550,1355,0.8148148148148149
988,1404,0.8148148148148149
1017,1169,0.8148148148148149
1775,2428,0.8157894736842105
104,1554,0.8181818181818181
111,2994,0.8181818181818181
131,2355,0.8181818181818181
177,2320,0.8181818181818181
383,1416,0.8181818181818181
488,1326,0.8181818181818181
526,2576,0.8181818181818181
810,3187,0.8181818181818181
1061,1279,0.8181818181818181
1326,2291,0.8181818181818181
1331,2256,0.8181818181818181
1445,1865,0.8181818181818181
1481,3213,0.8181818181818181
1745,2908,0.8181818181818181
2006,2027,0.8181818181818181
2256,2335,0.8181818181818181
1103,1608,0.8205128205128205
37,610,0.8214285714285714
406,892,0.8214285714285714
450,3189,0.8214285714285714
1404,2656,0.8214285714285714
1719,2026,0.8214285714285714
5,86,0.8235294117647058
130,627,0.8235294117647058
134,2280,0.8235294117647058
154,2882,0.8235294117647058
593,2701,0.8235294117647058
605,1509,0.8235294117647058
627,725,0.8235294117647058
627,1062,0.8235294117647058
860,2229,0.8235294117647058
1108,1409,0.8235294117647058
1719,2651,0.8235294117647058
2009,2222,0.8235294117647058
2214,3002,0.8235294117647058
2257,2344,0.8235294117647058
2370,2831,0.8235294117647058
776,2815,0.8260869565217391
1211,1584,0.8260869565217391
1280,2115,0.8260869565217391
2882,3087,0.8260869565217391
1149,1775,0.8285714285714285
5,1352,0.8333333333333334
7,2723,0.8333333333333334
89,104,0.8333333333333334
98,1580,0.8333333333333334
133,254,0.8333333333333334
133,3068,0.8333333333333334
172,1560,0.8333333333333334
205,1326,0.8333333333333334
374,2065,0.8333333333333334
734,2459,0.8333333333333334
761,775,0.8333333333333334
814,2504,0.8333333333333334
1257,1521,0.8333333333333334
1276,2065,0.8333333333333334
1509,1785,0.8333333333333334
1534,1753,0.8333333333333334
1628,2726,0.8333333333333334
1668,1725,0.8333333333333334
1754,3124,0.8333333333333334
1822,1986,0.8333333333333334
1822,2173,0.8333333333333334
1998,3201,0.8333333333333334
2044,2082,0.8333333333333334
2055,2697,0.8333333333333334
2057,2295,0.8333333333333334
2181,2707,0.8333333333333334
2581,2641,0.8333333333333334
2737,3158,0.8333333333333334
208,1815,0.84
1061,2682,0.84
67,1745,0.8421052631578947
163,2009,0.8421052631578947
177,183,0.8421052631578947
403,1580,0.8421052631578947
421,2673,0.8421052631578947
713,3215,0.8421052631578947
853,1730,0.8421052631578947
908,3166,0.8421052631578947
1181,2315,0.8421052631578947
2302,3023,0.8421052631578947
83,968,0.84375
38,1062,0.8461538461538461
52,2546,0.8461538461538461
182,196,0.8461538461538461
268,810,0.8461538461538461
276,1537,0.8461538461538461
291,1302,0.8461538461538461
407,2440,0.8461538461538461
476,608,0.8461538461538461
488,2910,0.8461538461538461
720,1560,0.8461538461538461
887,1210,0.8461538461538461
1276,2772,0.8461538461538461
1284,2724,0.8461538461538461
1292,1326,0.8461538461538461
556,892,0.8484848484848485
968,2294,0.8484848484848485
252,1481,0.85
267,986,0.85
599,2405,0.85
858,1170,0.85
1888,2847,0.85
1997,2405,0.85
119,422,0.8571428571428572
183,331,0.8571428571428572
185,699,0.8571428571428572
341,2911,0.8571428571428572
342,1718,0.8571428571428572
352,2581,0.8571428571428572
383,1031,0.8571428571428572
437,1535,0.8571428571428572
720,2160,0.8571428571428572
811,2545,0.8571428571428572
814,2022,0.8571428571428572
1170,1724,0.8571428571428572
1634,2284,0.8571428571428572
1753,2193,0.8571428571428572
2156,2639,0.8571428571428572
2367,3088,0.8571428571428572
2487,2737,0.8571428571428572
1123,2701,0.8636363636363636
217,2981,0.8666666666666667
580,2082,0.8666666666666667
688,724,0.8666666666666667
688,3134,0.8666666666666667
820,1036,0.8666666666666667
1021,1169,0.8666666666666667
1326,3062,0.8666666666666667
988,2680,0.868421052631579
689,3022,0.8695652173913043
790,2721,0.8695652173913043
72,2664,0.875
374,525,0.875
374,2446,0.875
734,1921,0.875
1509,1976,0.875
1667,2739,0.875
106,1518,0.8823529411764706
1284,2911,0.8823529411764706
1771,2447,0.8846153846153846
352,1776,0.8888888888888888
1406,2567,0.8888888888888888
1468,2000,0.8888888888888888
1478,1680,0.8888888888888888
1853,2882,0.8888888888888888
1992,2426,0.8888888888888888
2293,2459,0.8888888888888888
984,3072,0.8947368421052632
727,734,0.9
814,1842,0.9
978,2030,0.9
1753,3156,0.9
2201,3117,0.9090909090909091
13,815,0.9166666666666666
110,591,0.9166666666666666
1769,2219,0.9166666666666666
287,3117,0.9230769230769231
104,422,0.9285714285714286
652,3042,0.4
690,2010,0.5
1734,3042,0.5
2332,3091,0.5
1043,2807,0.5333333333333333
394,2843,0.5454545454545454
113,401,0.5555555555555556
409,2843,0.5555555555555556
1043,2390,0.5555555555555556
207,825,0.5714285714285714
359,2958,0.5714285714285714
747,2958,0.5714285714285714
1043,2083,0.5714285714285714
2807,2938,0.5714285714285714
2129,2843,0.5833333333333333
99,1862,0.6
282,686,0.6
802,977,0.6
879,983,0.6
930,2282,0.6
2282,2814,0.6
2979,3100,0.6
3008,3223,0.6
282,3042,0.6153846153846154
2083,2672,0.6153846153846154
2116,3042,0.6153846153846154
2145,2287,0.6153846153846154
247,2895,0.625
359,2046,0.625
512,2895,0.625
686,2895,0.625
1043,3039,0.625
1480,2814,0.625
359,686,0.6363636363636364
2046,2672,0.6363636363636364
1033,1043,0.6428571428571428
854,1732,0.65
118,906,0.6666666666666667
250,2807,0.6666666666666667
359,3118,0.6666666666666667
401,3223,0.6666666666666667
439,2583,0.6666666666666667
653,2458,0.6666666666666667
746,983,0.6666666666666667
846,1261,0.6666666666666667
846,2332,0.6666666666666667
1043,3091,0.6666666666666667
1303,2843,0.6666666666666667
2010,3208,0.6666666666666667
2124,3208,0.6666666666666667
2432,2843,0.6666666666666667
2457,2870,0.6666666666666667
2672,3203,0.6666666666666667
8,803,0.6842105263157895
705,803,0.6842105263157895
1043,2956,0.6842105263157895
2390,2667,0.6842105263157895
2807,3172,0.6842105263157895
2861,3172,0.6842105263157895
409,570,0.6875
1116,1145,0.6875
2083,3105,0.6875
2145,2202,0.6875
69,2274,0.6923076923076923
246,2619,0.6923076923076923
392,394,0.6923076923076923
1261,1665,0.6923076923076923
705,1732,0.6956521739130435
69,745,0.7
519,745,0.7
584,857,0.7
791,1177,0.7
1132,1511,0.7
2189,2655,0.7
1043,2756,0.7058823529411764
2099,2457,0.7058823529411764
1407,1732,0.7083333333333333
304,1177,0.7142857142857143
439,539,0.7142857142857143
439,3091,0.7142857142857143
516,1586,0.7142857142857143
570,1138,0.7142857142857143
584,906,0.7142857142857143
717,1202,0.7142857142857143
745,2544,0.7142857142857143
807,1465,0.7142857142857143
825,977,0.7142857142857143
1377,1665,0.7142857142857143
1650,2619,0.7142857142857143
1786,3205,0.7142857142857143
2348,2655,0.7142857142857143
8,1900,0.72
14,585,0.72
1933,2129,0.72
2873,3172,0.72
8,2357,0.7222222222222222
84,745,0.7222222222222222
731,1098,0.7222222222222222
745,3203,0.7222222222222222
2247,3203,0.7222222222222222
930,980,0.7241379310344828
51,561,0.7272727272727273
118,879,0.7272727272727273
207,2083,0.7272727272727273
359,742,0.7272727272727273
709,2001,0.7272727272727273
745,1732,0.7272727272727273
899,1675,0.7272727272727273
1202,3091,0.7272727272727273
1436,2727,0.7272727272727273
1523,2001,0.7272727272727273
1757,2956,0.7272727272727273
379,1543,0.7333333333333334
742,2413,0.7333333333333334
745,879,0.7333333333333334
2041,2583,0.7333333333333334
84,223,0.736842105263158
953,1480,0.736842105263158
1189,2032,0.736842105263158
1353,2856,0.736842105263158
8,2217,0.7391304347826086
586,2282,0.7391304347826086
42,245,0.7407407407407407
11,1586,0.75
14,686,0.75
79,731,0.75
84,1492,0.75
107,1033,0.75
223,475,0.75
359,1604,0.75
454,2457,0.75
475,997,0.75
624,3091,0.75
721,1732,0.75
732,1436,0.75
742,2189,0.75
753,1431,0.75
802,1436,0.75
802,1670,0.75
879,1173,0.75
930,1618,0.75
1080,1177,0.75
1080,1260,0.75
1080,2046,0.75
1153,1733,0.75
1315,2090,0.75
1338,2189,0.75
1586,2327,0.75
1737,2930,0.75
1818,2432,0.75
2046,2056,0.75
2482,3205,0.75
69,1045,0.7586206896551724
161,1848,0.7586206896551724
69,2103,0.76
246,745,0.76
367,721,0.76
996,2608,0.7619047619047619
1138,1173,0.7619047619047619
69,709,0.7647058823529411
807,1637,0.7647058823529411
807,2119,0.7647058823529411
1033,3025,0.7647058823529411
1146,2247,0.7647058823529411
1480,3203,0.7647058823529411
1586,2688,0.7647058823529411
2672,2967,0.7647058823529411
62,721,0.7666666666666666
1517,1732,0.7666666666666666
1732,2571,0.7666666666666666
76,3196,0.7692307692307692
223,424,0.7692307692307692
250,1153,0.7692307692307692
283,1145,0.7692307692307692
310,1177,0.7692307692307692
409,2856,0.7692307692307692
409,3008,0.7692307692307692
709,1586,0.7692307692307692
879,2457,0.7692307692307692
1011,2895,0.7692307692307692
1393,1586,0.7692307692307692
1603,2230,0.7692307692307692
1734,3093,0.7692307692307692
2040,2870,0.7692307692307692
79,570,0.7727272727272727
402,1838,0.7727272727272727
552,2247,0.7727272727272727
708,2672,0.7727272727272727
745,1846,0.7727272727272727
1480,1848,0.7727272727272727
92,980,0.7741935483870968
245,1692,0.7741935483870968
57,2727,0.7777777777777778
136,2899,0.7777777777777778
275,3003,0.7777777777777778
336,1426,0.7777777777777778
401,1786,0.7777777777777778
446,1393,0.7777777777777778
471,2902,0.7777777777777778
475,2230,0.7777777777777778
483,1673,0.7777777777777778
570,868,0.7777777777777778
584,1069,0.7777777777777778
586,1999,0.7777777777777778
617,1315,0.7777777777777778
674,1153,0.7777777777777778
696,885,0.7777777777777778
745,807,0.7777777777777778
751,1080,0.7777777777777778
802,1145,0.7777777777777778
977,2493,0.7777777777777778
1146,3050,0.7777777777777778
1256,2094,0.7777777777777778
1320,2960,0.7777777777777778
1370,1586,0.7777777777777778
1525,1595,0.7777777777777778
1673,2895,0.7777777777777778
1801,2740,0.7777777777777778
2103,2570,0.7777777777777778
2129,2565,0.7777777777777778
8,2536,0.782608695652174
16,506,0.782608695652174
191,2230,0.782608695652174
210,617,0.782608695652174
745,1766,0.782608695652174
1370,1692,0.782608695652174
1557,2628,0.782608695652174
1586,1737,0.782608695652174
2543,2870,0.782608695652174
84,698,0.7857142857142857
135,879,0.7857142857142857
207,1595,0.7857142857142857
250,2643,0.7857142857142857
282,1832,0.7857142857142857
295,2536,0.7857142857142857
401,2610,0.7857142857142857
673,3091,0.7857142857142857
696,1586,0.7857142857142857
1145,2790,0.7857142857142857
1315,1938,0.7857142857142857
1393,2620,0.7857142857142857
1462,2790,0.7857142857142857
1695,2282,0.7857142857142857
1947,2878,0.7857142857142857
2103,3181,0.7857142857142857
274,409,0.7894736842105263
310,2444,0.7894736842105263
367,3094,0.7894736842105263
398,623,0.7894736842105263
485,1848,0.7894736842105263
519,1330,0.7894736842105263
561,2534,0.7894736842105263
673,996,0.7894736842105263
696,1611,0.7894736842105263
743,1330,0.7894736842105263
890,2672,0.7894736842105263
1135,1543,0.7894736842105263
1649,3094,0.7894736842105263
2237,2973,0.7894736842105263
1059,2287,0.7916666666666666
227,1915,0.7931034482758621
1933,3011,0.7931034482758621
930,992,0.7948717948717949
2780,2848,0.7954545454545454
51,1742,0.8
57,1557,0.8
57,3140,0.8
62,1511,0.8
76,516,0.8
84,1046,0.8
101,1848,0.8
155,643,0.8
197,1692,0.8
207,2973,0.8
270,652,0.8
310,2032,0.8
379,1315,0.8
385,2432,0.8
402,519,0.8
441,1604,0.8
559,2870,0.8
620,696,0.8
643,1818,0.8
746,1647,0.8
768,2124,0.8
802,1064,0.8
855,2230,0.8
906,1426,0.8
966,1043,0.8
983,2458,0.8
1004,1832,0.8
1007,1393,0.8
1033,2123,0.8
1055,2116,0.8
1068,2272,0.8
1068,2979,0.8
1095,1583,0.8
1116,1609,0.8
1144,2925,0.8
1177,1723,0.8
1315,2032,0.8
1370,2209,0.8
1370,2961,0.8
1383,2032,0.8
1431,2493,0.8
1480,2979,0.8
1559,2843,0.8
1604,1956,0.8
1711,1757,0.8
2046,2957,0.8
2147,2230,0.8
2534,3205,0.8
2628,2848,0.8
2960,2979,0.8055555555555556
446,2926,0.8076923076923077
721,2107,0.8076923076923077
1692,3070,0.8076923076923077
660,3091,0.8095238095238095
817,3070,0.8095238095238095
1135,2740,0.8095238095238095
1646,3172,0.8095238095238095
2692,2960,0.8108108108108107
77,475,0.8125
426,2973,0.8125
512,530,0.8125
516,651,0.8125
623,653,0.8125
709,2127,0.8125
1095,1098,0.8125
1373,2542,0.8125
1565,1673,0.8125
2202,2655,0.8125
16,3100,0.8148148148148149
2386,2544,0.8148148148148149
68,954,0.8181818181818181
99,1925,0.8181818181818181
99,2618,0.8181818181818181
207,2542,0.8181818181818181
265,586,0.8181818181818181
345,807,0.8181818181818181
461,2628,0.8181818181818181
475,2812,0.8181818181818181
506,3009,0.8181818181818181
562,674,0.8181818181818181
584,773,0.8181818181818181
617,1993,0.8181818181818181
674,1144,0.8181818181818181
698,2252,0.8181818181818181
742,3171,0.8181818181818181
846,1773,0.8181818181818181
983,2598,0.8181818181818181
1080,2243,0.8181818181818181
1260,1872,0.8181818181818181
1609,2954,0.8181818181818181
8,2878,0.8214285714285714
552,2839,0.8214285714285714
830,900,0.8214285714285714
830,2217,0.8214285714285714
1846,2845,0.8214285714285714
2692,2939,0.8214285714285714
118,1507,0.8235294117647058
379,2439,0.8235294117647058
416,1543,0.8235294117647058
487,1393,0.8235294117647058
506,2578,0.8235294117647058
583,686,0.8235294117647058
813,2643,0.8235294117647058
825,1174,0.8235294117647058
1116,1862,0.8235294117647058
1145,2289,0.8235294117647058
1160,3223,0.8235294117647058
1334,2287,0.8235294117647058
1448,2578,0.8235294117647058
1465,1802,0.8235294117647058
1562,1647,0.8235294117647058
84,3061,0.8260869565217391
136,2913,0.8260869565217391
364,2740,0.8260869565217391
617,1553,0.8260869565217391
652,714,0.8260869565217391
1287,2439,0.8260869565217391
1586,2866,0.8260869565217391
1675,2311,0.8260869565217391
2138,2740,0.8260869565217391
57,141,0.8275862068965517
835,2926,0.8275862068965517
1325,2960,0.8275862068965517
238,1838,0.8333333333333334
239,2189,0.8333333333333334
304,2124,0.8333333333333334
327,2655,0.8333333333333334
409,460,0.8333333333333334
509,3009,0.8333333333333334
572,2552,0.8333333333333334
673,3176,0.8333333333333334
746,3027,0.8333333333333334
771,1938,0.8333333333333334
771,2412,0.8333333333333334
954,1465,0.8333333333333334
956,1448,0.8333333333333334
1026,2672,0.8333333333333334
1177,1794,0.8333333333333334
1256,1373,0.8333333333333334
1426,1461,0.8333333333333334
1586,2983,0.8333333333333334
1675,2598,0.8333333333333334
1732,2590,0.8333333333333334
1993,3003,0.8333333333333334
2123,3010,0.8333333333333334
2143,2814,0.8333333333333334
2172,2925,0.8333333333333334
2628,3048,0.8333333333333334
57,1980,0.8387096774193549
969,1098,0.84
113,2429,0.8421052631578947
136,1448,0.8421052631578947
216,1818,0.8421052631578947
401,1809,0.8421052631578947
506,1671,0.8421052631578947
620,2437,0.8421052631578947
1315,1691,0.8421052631578947
2544,3045,0.8421052631578947
238,2764,0.8461538461538461
240,1586,0.8461538461538461
250,2902,0.8461538461538461
439,588,0.8461538461538461
516,1236,0.8461538461538461
686,2855,0.8461538461538461
835,3018,0.8461538461538461
846,2234,0.8461538461538461
891,918,0.8461538461538461
918,2412,0.8461538461538461
989,2957,0.8461538461538461
1089,2870,0.8461538461538461
1121,1671,0.8461538461538461
1231,2386,0.8461538461538461
1393,2535,0.8461538461538461
1845,1848,0.8461538461538461
2602,3003,0.8461538461538461
402,2708,0.8484848484848485
981,1915,0.8484848484848485
207,1477,0.85
691,3048,0.85
868,2889,0.85
1145,1954,0.85
2085,3018,0.85
51,78,0.8571428571428572
265,1489,0.8571428571428572
304,2391,0.8571428571428572
359,755,0.8571428571428572
359,1953,0.8571428571428572
471,2265,0.8571428571428572
552,2754,0.8571428571428572
559,2366,0.8571428571428572
583,2329,0.8571428571428572
595,732,0.8571428571428572
673,2629,0.8571428571428572
674,1701,0.8571428571428572
698,1883,0.8571428571428572
773,1050,0.8571428571428572
951,1477,0.8571428571428572
1121,1372,0.8571428571428572
1227,2348,0.8571428571428572
1405,2366,0.8571428571428572
1915,3061,0.8571428571428572
2094,2168,0.8571428571428572
2535,2809,0.8571428571428572
2272,2575,0.8620689655172413
730,1353,0.8636363636363636
1993,2526,0.8636363636363636
282,687,0.8666666666666667
310,2552,0.8666666666666667
128,1135,0.875
128,1498,0.875
136,1415,0.875
207,2414,0.875
325,2843,0.875
464,471,0.875
590,2629,0.875
797,2542,0.875
891,957,0.875
912,1121,0.875
1281,2094,0.875
1869,2010,0.875
2327,2988,0.875
2594,2939,0.875
320,2839,0.8787878787878788
79,3102,0.88
898,1394,0.88
898,2457,0.8823529411764706
1137,1511,0.8823529411764706
395,1692,0.8857142857142857
54,588,0.8888888888888888
126,2001,0.8888888888888888
1265,2067,0.8888888888888888
464,1847,0.9
590,2260,0.9
954,1914,0.9
2067,3100,0.9047619047619048
464,1970,0.9090909090909091
2329,2943,0.9090909090909091
2550,2983,0.9090909090909091
68,3206,0.9166666666666666
662,2943,0.9166666666666666
1273,2146,0.4444444444444444
2484,2647,0.5
1487,2484,0.5555555555555556
1273,2484,0.6
2316,2886,0.6153846153846154
1273,2316,0.6363636363636364
2316,2477,0.6363636363636364
194,2477,0.6666666666666667
711,2477,0.6666666666666667
752,2316,0.6666666666666667
1657,2484,0.6666666666666667
190,2477,0.6875
56,2484,0.6923076923076923
28,1414,0.7
261,2283,0.7
602,1499,0.7222222222222222
2283,2607,0.7272727272727273
9,1978,0.7333333333333334
28,1978,0.7333333333333334
1273,2354,0.7333333333333334
28,2300,0.736842105263158
190,2612,0.7407407407407407
28,1270,0.75
371,1726,0.75
602,611,0.75
1035,1726,0.75
975,1920,0.7647058823529411
2647,2678,0.7647058823529411
602,2607,0.7692307692307692
190,1071,0.7727272727272727
28,2589,0.7777777777777778
2137,2434,0.782608695652174
1035,1278,0.7857142857142857
1270,1726,0.7857142857142857
1387,2316,0.7857142857142857
1278,2496,0.7894736842105263
1950,2137,0.7894736842105263
1127,1133,0.7916666666666666
1499,1964,0.7916666666666666
408,2262,0.8
1035,1636,0.8
1214,2607,0.8
1270,2262,0.8
1270,2328,0.8
2262,2434,0.8
28,3111,0.8076923076923077
28,2313,0.8095238095238095
1133,2511,0.8095238095238095
28,171,0.8125
602,2919,0.8125
1035,1286,0.8125
1071,2857,0.8125
1270,2885,0.8125
1764,3139,0.8125
693,2735,0.8148148148148149
2077,2735,0.8148148148148149
171,1392,0.8181818181818181
194,1912,0.8181818181818181
194,2975,0.8181818181818181
490,2871,0.8181818181818181
602,1657,0.8181818181818181
1008,2589,0.8181818181818181
1268,1657,0.8181818181818181
2313,2354,0.8181818181818181
948,1127,0.8214285714285714
2349,3111,0.8214285714285714
602,1623,0.8235294117647058
772,2584,0.8260869565217391
1094,1499,0.8260869565217391
772,3035,0.8285714285714285
497,1118,0.8333333333333334
537,540,0.8333333333333334
537,2300,0.8333333333333334
812,1273,0.8333333333333334
1035,1118,0.8333333333333334
1317,1487,0.8333333333333334
2824,2857,0.8333333333333334
1642,2148,0.8387096774193549
2871,3111,0.8387096774193549
1133,2434,0.84
752,852,0.8421052631578947
1273,1890,0.8421052631578947
160,2885,0.8461538461538461
693,2776,0.8461538461538461
1006,1920,0.8461538461538461
160,2794,0.8484848484848485
693,2894,0.85
1270,1403,0.85
628,948,0.851063829787234
9,718,0.8571428571428572
28,2564,0.8571428571428572
540,2407,0.8571428571428572
611,1961,0.8571428571428572
934,1273,0.8571428571428572
1008,2399,0.8571428571428572
1042,1912,0.8571428571428572
1912,2735,0.8571428571428572
160,1508,0.8620689655172413
2062,2612,0.8620689655172413
693,1920,0.8636363636363636
948,2304,0.8636363636363636
1271,1726,0.8636363636363636
1290,2484,0.8636363636363636
2203,2885,0.8636363636363636
975,3035,0.8666666666666667
1118,1588,0.8695652173913043
1249,1273,0.8695652173913043
1249,2470,0.8709677419354839
2148,2589,0.875
933,1657,0.8823529411764706
1890,2631,0.8823529411764706
2477,2883,0.8823529411764706
2485,2607,0.8823529411764706
933,2461,0.8846153846153846
171,1246,0.8888888888888888
353,2300,0.8888888888888888
772,1298,0.8888888888888888
2077,2438,0.8888888888888888
2264,2871,0.8888888888888888
2919,3139,0.8888888888888888
934,2729,0.8947368421052632
1657,2633,0.9
1195,2919,0.9047619047619048
10,2857,0.9090909090909091
1006,1876,0.9166666666666666
1487,3177,0.9166666666666666
1497,3177,0.9166666666666666
171,2435,0.9333333333333333
752,1180,0.9333333333333333
2304,2695,0.9333333333333333
9,1878,1.0
9,2978,1.0
1093,2891,0.5555555555555556
2734,2891,0.5714285714285714
927,3049,0.625
1728,1841,0.6428571428571428
927,1958,0.6666666666666667
1728,1991,0.6666666666666667
1805,1957,0.6666666666666667
1728,1896,0.6923076923076923
1749,2303,0.6956521739130435
1843,2170,0.7
2903,2904,0.7
524,1841,0.7058823529411764
2292,2712,0.7083333333333333
2750,2891,0.7142857142857143
1040,2844,0.7222222222222222
2450,2950,0.7222222222222222
2074,2712,0.7272727272727273
668,781,0.7333333333333334
1029,2965,0.7333333333333334
1502,2072,0.7333333333333334
1616,2891,0.7333333333333334
70,965,0.736842105263158
1841,2374,0.736842105263158
2074,2433,0.7407407407407407
145,2450,0.75
414,1075,0.75
459,3030,0.75
612,1858,0.75
657,949,0.75
965,1479,0.75
1075,3077,0.75
1309,1728,0.75
1443,2072,0.75
1674,2844,0.75
1896,2891,0.75
2891,3049,0.75
1075,1654,0.7619047619047619
2015,2980,0.7619047619047619
419,942,0.7647058823529411
419,2750,0.7647058823529411
808,1991,0.7647058823529411
949,2036,0.7647058823529411
982,3017,0.7647058823529411
1443,2015,0.7647058823529411
1896,2614,0.7647058823529411
414,2468,0.7666666666666666
329,1858,0.7692307692307692
429,2292,0.7692307692307692
862,2025,0.7692307692307692
1979,2072,0.7692307692307692
2450,2734,0.7692307692307692
414,1674,0.7727272727272727
531,1749,0.7727272727272727
1610,2074,0.7727272727272727
2488,2712,0.7727272727272727
70,2450,0.7777777777777778
225,3059,0.7777777777777778
414,1843,0.7777777777777778
949,982,0.7777777777777778
1159,1896,0.7777777777777778
1728,1858,0.7777777777777778
2025,2734,0.7777777777777778
414,965,0.782608695652174
650,1003,0.782608695652174
949,3183,0.782608695652174
994,3183,0.782608695652174
782,1707,0.7857142857142857
861,3030,0.7857142857142857
1058,1728,0.7857142857142857
1184,2734,0.7857142857142857
1309,2068,0.7857142857142857
1533,2025,0.7857142857142857
145,2345,0.7894736842105263
419,2074,0.7894736842105263
862,1329,0.7894736842105263
862,2015,0.7894736842105263
982,2074,0.7894736842105263
1533,2516,0.7894736842105263
2904,3183,0.7894736842105263
949,1749,0.7916666666666666
94,429,0.8
145,1005,0.8
159,1958,0.8
445,1000,0.8
531,897,0.8
657,861,0.8
668,1749,0.8
897,2088,0.8
1058,2704,0.8
1084,2877,0.8
1154,2170,0.8
1309,3219,0.8
1613,2303,0.8
1858,2419,0.8
2063,2965,0.8
2091,2170,0.8
2903,2933,0.8
1951,2606,0.8076923076923077
129,2773,0.8095238095238095
234,2374,0.8095238095238095
668,3210,0.8095238095238095
1048,1443,0.8095238095238095
1502,2758,0.8095238095238095
1610,2268,0.8095238095238095
3030,3084,0.8095238095238095
49,524,0.8125
64,3059,0.8125
70,654,0.8125
81,654,0.8125
668,2802,0.8125
754,2933,0.8125
2076,2450,0.8125
669,1504,0.8148148148148149
949,3113,0.8148148148148149
1504,1707,0.8148148148148149
129,2108,0.8181818181818181
361,2734,0.8181818181818181
389,1858,0.8181818181818181
445,3017,0.8181818181818181
612,1208,0.8181818181818181
650,2638,0.8181818181818181
851,1162,0.8181818181818181
1232,2076,0.8181818181818181
1378,2450,0.8181818181818181
1858,3054,0.8181818181818181
2339,2345,0.8181818181818181
2841,2891,0.8181818181818181
129,2488,0.8235294117647058
309,2072,0.8235294117647058
419,457,0.8235294117647058
668,1875,0.8235294117647058
1057,2025,0.8235294117647058
1162,1443,0.8235294117647058
1805,1917,0.8235294117647058
2031,2891,0.8235294117647058
94,788,0.8260869565217391
414,1687,0.8260869565217391
650,965,0.8260869565217391
1029,1504,0.8260869565217391
2621,3103,0.8260869565217391
64,1957,0.8333333333333334
64,2036,0.8333333333333334
91,982,0.8333333333333334
225,1456,0.8333333333333334
234,2018,0.8333333333333334
263,1824,0.8333333333333334
272,1264,0.8333333333333334
272,3014,0.8333333333333334
429,1639,0.8333333333333334
543,1841,0.8333333333333334
668,2297,0.8333333333333334
756,1456,0.8333333333333334
801,2891,0.8333333333333334
1186,1728,0.8333333333333334
1186,2052,0.8333333333333334
1382,2074,0.8333333333333334
1854,3113,0.8333333333333334
1858,2588,0.8333333333333334
1887,2339,0.8333333333333334
1889,2891,0.8333333333333334
2015,2896,0.8333333333333334
2488,3103,0.8333333333333334
2793,3082,0.8333333333333334
2896,3190,0.8333333333333334
1164,1616,0.8387096774193549
414,3104,0.84
782,1654,0.84
1639,1951,0.84
272,1058,0.8421052631578947
1329,1376,0.8421052631578947
1443,3082,0.8421052631578947
531,2569,0.84375
452,1777,0.8461538461538461
736,861,0.8461538461538461
1084,2904,0.8461538461538461
1476,2419,0.8461538461538461
1957,2917,0.8461538461538461
2158,2891,0.8461538461538461
2263,3054,0.8461538461538461
2419,3163,0.8461538461538461
272,833,0.85
309,1486,0.85
788,796,0.85
1674,1988,0.85
2139,3059,0.85
2515,2516,0.85
428,2074,0.8518518518518519
949,3015,0.8529411764705882
75,2374,0.8571428571428572
142,1875,0.8571428571428572
452,1376,0.8571428571428572
452,3148,0.8571428571428572
949,2250,0.8571428571428572
1688,2734,0.8571428571428572
1707,1760,0.8571428571428572
1928,2074,0.8571428571428572
1824,2292,0.8620689655172413
316,1707,0.8636363636363636
862,3220,0.8636363636363636
1687,1907,0.8636363636363636
1443,2323,0.8666666666666667
1003,2221,0.8695652173913043
1005,2568,0.8709677419354839
48,2339,0.875
459,645,0.875
801,2510,0.875
808,1083,0.875
1063,2734,0.875
1203,3103,0.875
1469,1486,0.875
428,2783,0.88
936,1075,0.88
1610,2081,0.88
531,759,0.8823529411764706
2139,2676,0.8823529411764706
715,2221,0.8846153846153846
70,538,0.8888888888888888
452,517,0.8888888888888888
669,1384,0.8888888888888888
1488,2068,0.8888888888888888
2031,2393,0.8947368421052632
157,2433,0.896551724137931
702,2468,0.896551724137931
1849,2783,0.9
2844,3130,0.9047619047619048
12,146,0.9090909090909091
12,715,0.9090909090909091
1057,2350,0.9090909090909091
263,351,0.9130434782608696
49,2969,0.9166666666666666
1186,2548,0.9230769230769231
1366,2345,0.9230769230769231
12,1661,1.0
12,2060,1.0
313,636,0.5625
2245,2838,0.5714285714285714
2517,3154,0.6153846153846154
313,2838,0.6428571428571428
871,1114,0.6428571428571428
515,2838,0.6666666666666667
1975,2838,0.6666666666666667
864,1016,0.6799999999999999
1975,2258,0.7
1124,2909,0.7058823529411764
307,2169,0.7142857142857143
313,2909,0.7222222222222222
1335,2111,0.7333333333333334
1016,1335,0.736842105263158
2804,2805,0.7391304347826086
420,1455,0.7428571428571429
626,3004,0.75
864,2731,0.75
1335,1731,0.75
1388,3180,0.75
932,2269,0.7619047619047619
1067,2269,0.7647058823529411
1090,1335,0.7647058823529411
1114,1124,0.7647058823529411
515,1105,0.7692307692307692
769,3180,0.7692307692307692
2269,2805,0.7727272727272727
195,2409,0.7777777777777778
604,1731,0.7777777777777778
729,1332,0.7777777777777778
1388,2258,0.7777777777777778
2258,3154,0.7777777777777778
1662,3180,0.7857142857142857
2061,3180,0.7857142857142857
2269,3112,0.7857142857142857
769,2805,0.7894736842105263
2245,2700,0.7894736842105263
527,2163,0.7916666666666666
195,600,0.8
195,3004,0.8
195,3180,0.8
229,2258,0.8
307,515,0.8
515,1457,0.8
871,1831,0.8
1016,2422,0.8
1073,1335,0.8
1090,2356,0.8
2183,2733,0.8
2796,2838,0.8
1364,2805,0.8064516129032258
229,1020,0.8076923076923077
864,2804,0.8076923076923077
1423,1813,0.8076923076923077
1813,2700,0.8076923076923077
636,1761,0.8125
1070,2838,0.8125
1090,1332,0.8125
1799,3154,0.8125
932,2378,0.8148148148148149
158,2909,0.8181818181818181
592,1388,0.8181818181818181
1105,1977,0.8181818181818181
1455,1977,0.8214285714285714
381,1332,0.8235294117647058
573,1105,0.8235294117647058
707,1335,0.8235294117647058
324,1335,0.8333333333333334
378,2796,0.8333333333333334
515,3119,0.8333333333333334
677,1335,0.8333333333333334
1016,2037,0.8333333333333334
1104,2805,0.8333333333333334
1335,1620,0.8333333333333334
1388,2183,0.8333333333333334
1581,2183,0.8333333333333334
1625,3112,0.8333333333333334
1866,3180,0.8333333333333334
667,1459,0.84
658,1906,0.8421052631578947
667,1633,0.8421052631578947
1335,2595,0.8421052631578947
2392,2909,0.8421052631578947
229,1459,0.8461538461538461
243,763,0.8461538461538461
326,932,0.8461538461538461
769,1197,0.8461538461538461
1147,1662,0.8461538461538461
1158,1247,0.8461538461538461
1158,2356,0.8461538461538461
667,1450,0.85
677,2163,0.85
1090,1704,0.85
2023,2481,0.85
2733,2785,0.85
15,262,0.8571428571428572
195,1573,0.8571428571428572
195,3047,0.8571428571428572
938,1620,0.8571428571428572
1147,2481,0.8571428571428572
1225,3063,0.8571428571428572
1332,2192,0.8571428571428572
1430,2356,0.8571428571428572
1450,2675,0.8571428571428572
1457,1852,0.8571428571428572
1620,1996,0.8571428571428572
2675,3214,0.8636363636363636
626,1981,0.8666666666666667
764,1070,0.8666666666666667
1662,3063,0.8666666666666667
667,2650,0.8695652173913043
1073,2881,0.8695652173913043
684,3112,0.875
882,2733,0.875
1140,3180,0.875
1364,2185,0.875
1423,2755,0.875
573,1100,0.8823529411764706
1344,2269,0.8823529411764706
763,1364,0.8846153846153846
313,2813,0.8888888888888888
1731,1913,0.8888888888888888
1913,2376,0.8888888888888888
15,1423,0.8947368421052632
173,667,0.8947368421052632
213,763,0.8947368421052632
658,2650,0.8947368421052632
1086,2909,0.8947368421052632
729,1823,0.9
337,2376,0.9090909090909091
1662,2944,0.9090909090909091
1455,2749,0.9130434782608696
293,1140,0.92
658,1336,0.9333333333333333
1304,2111,0.9333333333333333
430,470,0.7391304347826086
976,2205,0.7777777777777778
1081,2267,0.7777777777777778
17,867,0.782608695652174
1081,2494,0.7857142857142857
340,2389,0.8125
867,1081,0.8181818181818181
1451,2363,0.8181818181818181
2267,3157,0.8181818181818181
465,2389,0.8333333333333334
706,867,0.8333333333333334
976,1895,0.8333333333333334
706,3198,0.8484848484848485
465,2494,0.85
1263,2636,0.85
340,466,0.8571428571428572
465,1263,0.8571428571428572
470,1263,0.8695652173913043
1263,2224,0.8695652173913043
340,1800,0.875
1263,1451,0.8823529411764706
180,581,0.8947368421052632
2205,3157,0.8947368421052632
180,1895,0.9
1548,1895,0.9
340,1374,0.9047619047619048
867,2530,0.9090909090909091
465,710,0.9130434782608696
340,1995,0.9285714285714286
2212,2363,0.9375
1081,1693,0.9411764705882353
1800,2150,0.9583333333333334
17,1790,1.0
17,1880,1.0
17,1965,1.0
17,2603,1.0
151,1362,0.625
1362,1571,0.6428571428571428
2220,2518,0.6666666666666667
436,1435,0.7
151,2187,0.7272727272727273
757,3133,0.7272727272727273
663,2102,0.7333333333333334
2787,3083,0.75
663,1228,0.7586206896551724
678,3083,0.7619047619047619
501,826,0.7777777777777778
2296,2387,0.7777777777777778
2799,2906,0.7777777777777778
321,369,0.7857142857142857
369,2715,0.7857142857142857
369,2996,0.7857142857142857
826,2702,0.7857142857142857
2799,3099,0.7857142857142857
188,3133,0.7894736842105263
105,124,0.8
105,2887,0.8
285,1362,0.8
369,3083,0.8
598,2799,0.8
757,2906,0.8
1152,2702,0.8
1435,3133,0.8
1571,2887,0.8
2159,2296,0.8
2296,2715,0.8
2387,2799,0.8
2996,3037,0.8
3036,3083,0.8
1362,2102,0.8076923076923077
2818,2829,0.8095238095238095
124,1410,0.8125
826,2774,0.8125
1679,2225,0.8125
2648,2799,0.8125
105,576,0.8181818181818181
321,1679,0.8181818181818181
548,2101,0.8181818181818181
189,1324,0.8235294117647058
288,1362,0.8235294117647058
124,2296,0.8333333333333334
151,3114,0.8333333333333334
576,832,0.8333333333333334
757,1221,0.8333333333333334
1840,2325,0.8333333333333334
2220,3114,0.8333333333333334
2325,2996,0.8333333333333334
22,369,0.84
2774,2905,0.84
151,2817,0.8461538461538461
369,3137,0.8461538461538461
501,2941,0.8461538461538461
701,3133,0.8461538461538461
1151,1571,0.8461538461538461
1435,2101,0.8461538461538461
1645,2906,0.8461538461538461
2361,2862,0.8461538461538461
285,2829,0.85
22,71,0.8571428571428572
215,3083,0.8571428571428572
321,1262,0.8571428571428572
1152,1262,0.8571428571428572
1199,2941,0.8571428571428572
1512,3036,0.8571428571428572
1019,1324,0.8666666666666667
1410,1536,0.8666666666666667
2361,3137,0.8666666666666667
2102,3169,0.8709677419354839
321,1698,0.875
2187,2460,0.875
22,1605,0.8787878787878788
1324,2296,0.8823529411764706
501,2572,0.8846153846153846
1010,3114,0.8888888888888888
2887,3204,0.8888888888888888
105,1909,0.9
528,1152,0.9130434782608696
188,2385,0.9166666666666666
1230,3083,0.9166666666666666
1712,2941,0.9166666666666666
532,701,0.92
1417,2996,0.9230769230769231
1025,1152,0.9285714285714286
2322,2996,0.9285714285714286
335,1324,0.9333333333333333
369,2110,0.9411764705882353
22,1291,1.0
22,2004,1.0
2218,2337,0.6
354,2218,0.6153846153846154
354,1107,0.6666666666666667
354,1495,0.6666666666666667
354,1770,0.6666666666666667
635,2478,0.6666666666666667
1770,2207,0.6666666666666667
2375,3185,0.6666666666666667
2605,2830,0.6666666666666667
2054,2336,0.6818181818181819
877,2246,0.6923076923076923
1816,2125,0.6923076923076923
434,877,0.7058823529411764
440,1207,0.7142857142857143
1792,2984,0.7142857142857143
1816,2375,0.7142857142857143
186,434,0.7222222222222222
991,2964,0.7272727272727273
1306,1770,0.7272727272727273
2125,2152,0.7272727272727273
991,2970,0.7307692307692308
1272,2336,0.7307692307692308
354,1542,0.736842105263158
354,2976,0.736842105263158
462,1079,0.736842105263158
909,2509,0.736842105263158
36,631,0.75
36,635,0.75
186,1984,0.75
484,700,0.75
609,2984,0.75
798,1493,0.75
923,1207,0.75
1306,1982,0.75
1601,3194,0.75
750,2509,0.7619047619047619
799,991,0.7619047619047619
2266,2382,0.7619047619047619
877,1702,0.7647058823529411
1079,1107,0.7647058823529411
1397,2689,0.7647058823529411
2112,2266,0.7647058823529411
308,1272,0.7666666666666666
36,3216,0.7692307692307692
1156,2463,0.7692307692307692
2375,2781,0.7692307692307692
523,1107,0.7727272727272727
1522,1762,0.7727272727272727
221,2375,0.7777777777777778
280,632,0.7777777777777778
679,2149,0.7777777777777778
700,2976,0.7777777777777778
308,1207,0.782608695652174
162,2125,0.7857142857142857
440,1397,0.7857142857142857
1111,3078,0.7857142857142857
2336,2816,0.7857142857142857
2830,3194,0.7857142857142857
432,2246,0.7894736842105263
579,700,0.7894736842105263
2059,3185,0.7894736842105263
451,2689,0.7916666666666666
923,1631,0.7916666666666666
2051,2336,0.7916666666666666
2336,2404,0.7916666666666666
571,1272,0.7931034482758621
93,1079,0.8
303,635,0.8
354,2125,0.8
434,609,0.8
484,511,0.8
614,3078,0.8
635,1156,0.8
639,2970,0.8
642,2976,0.8
679,2976,0.8
844,1901,0.8
923,3079,0.8
1191,1207,0.8
1207,2382,0.8
1306,2830,0.8
1453,2375,0.8
1717,2375,0.8
1982,2853,0.8
2166,2449,0.8
2227,3216,0.8
2319,2337,0.8
432,1111,0.8095238095238095
523,779,0.8095238095238095
557,639,0.8095238095238095
1902,2533,0.8095238095238095
2382,3185,0.8095238095238095
3079,3081,0.8095238095238095
169,1874,0.8125
169,3188,0.8125
440,1310,0.8125
484,2120,0.8125
560,1570,0.8125
841,2830,0.8125
1111,2375,0.8125
1310,1442,0.8125
1453,2555,0.8125
750,1167,0.8148148148148149
1066,1631,0.8148148148148149
1136,2051,0.8148148148148149
93,2154,0.8181818181818181
221,2505,0.8181818181818181
632,700,0.8181818181818181
909,2992,0.8181818181818181
1156,1901,0.8181818181818181
1702,1899,0.8181818181818181
2104,2509,0.8181818181818181
2336,2509,0.8181818181818181
221,2231,0.8214285714285714
2722,2992,0.8214285714285714
164,1453,0.8235294117647058
198,640,0.8235294117647058
560,1638,0.8235294117647058
577,1638,0.8235294117647058
609,1220,0.8235294117647058
635,3079,0.8235294117647058
639,1792,0.8235294117647058
760,1207,0.8235294117647058
970,1542,0.8235294117647058
1107,2945,0.8235294117647058
1111,1708,0.8235294117647058
1126,2945,0.8235294117647058
1453,2669,0.8235294117647058
1792,2601,0.8235294117647058
575,679,0.8260869565217391
269,2463,0.8333333333333334
354,837,0.8333333333333334
560,1990,0.8333333333333334
779,1589,0.8333333333333334
1167,2086,0.8333333333333334
1453,2454,0.8333333333333334
1493,1690,0.8333333333333334
1836,2533,0.8333333333333334
2336,2718,0.8333333333333334
2382,3142,0.8333333333333334
2617,2781,0.8333333333333334
2823,3081,0.8333333333333334
390,1717,0.8387096774193549
1244,2051,0.8387096774193549
1935,3185,0.84
93,640,0.8421052631578947
354,1699,0.8421052631578947
1179,1493,0.8421052631578947
169,248,0.8461538461538461
186,1705,0.8461538461538461
523,1522,0.8461538461538461
560,2236,0.8461538461538461
823,2149,0.8461538461538461
1039,1493,0.8461538461538461
1589,1891,0.8461538461538461
2375,2500,0.8461538461538461
357,1039,0.8484848484848485
93,904,0.85
823,2792,0.85
1079,1638,0.85
1638,2533,0.85
1874,2207,0.85
1762,1942,0.8518518518518519
2722,2966,0.8518518518518519
184,2104,0.8571428571428572
354,363,0.8571428571428572
479,2464,0.8571428571428572
484,2180,0.8571428571428572
632,839,0.8571428571428572
798,2375,0.8571428571428572
893,1453,0.8571428571428572
909,2582,0.8571428571428572
970,1793,0.8571428571428572
1156,2587,0.8571428571428572
1942,2464,0.8620689655172413
368,2464,0.8636363636363636
376,2059,0.8636363636363636
511,1141,0.8636363636363636
186,1567,0.8666666666666667
334,823,0.8666666666666667
560,2016,0.8666666666666667
560,2596,0.8666666666666667
760,2140,0.8666666666666667
779,2008,0.8666666666666667
1107,2421,0.8666666666666667
1107,3038,0.8666666666666667
1182,2236,0.8666666666666667
1442,1778,0.8666666666666667
1792,2730,0.8666666666666667
760,2948,0.8695652173913043
523,2401,0.875
1191,2553,0.875
1567,2166,0.875
1638,2573,0.875
841,1814,0.8823529411764706
909,2371,0.8823529411764706
760,2763,0.8888888888888888
2152,2273,0.8888888888888888
893,1205,0.8928571428571429
280,1617,0.8947368421052632
306,334,0.8947368421052632
100,1524,0.9
837,2801,0.9
1474,2125,0.9
1738,2112,0.9
1902,2782,0.9047619047619048
100,2125,0.9090909090909091
164,1166,0.9090909090909091
2166,2277,0.9090909090909091
557,1447,0.9166666666666666
959,1442,0.9166666666666666
31,440,0.9230769230769231
1079,3122,0.9285714285714286
280,355,0.9333333333333333
739,2551,0.7142857142857143
739,2642,0.7272727272727273
1839,2522,0.75
915,1038,0.7777777777777778
726,1349,0.782608695652174
153,3031,0.7894736842105263
816,3019,0.8
152,726,0.8095238095238095
2840,3149,0.8125
784,2840,0.8181818181818181
1333,3173,0.8181818181818181
444,726,0.8260869565217391
178,784,0.84
425,3149,0.8461538461538461
178,444,0.85
178,2760,0.85
2144,2760,0.85
784,3031,0.8518518518518519
34,417,0.8571428571428572
34,1466,0.8571428571428572
178,2095,0.8571428571428572
178,3019,0.8571428571428572
1038,2144,0.8571428571428572
2551,3209,0.8571428571428572
955,1349,0.8620689655172413
1038,1254,0.8636363636363636
1341,1945,0.8666666666666667
425,3209,0.875
1038,2395,0.875
1945,2465,0.875
365,2759,0.8823529411764706
1903,2840,0.8823529411764706
1903,2868,0.8823529411764706
152,972,0.8846153846153846
726,1400,0.8846153846153846
1038,1176,0.8857142857142857
152,449,0.8947368421052632
152,1482,0.8947368421052632
178,1837,0.9
1038,2326,0.9
2551,2759,0.9
2868,3173,0.9
444,2585,0.9047619047619048
1176,1341,0.9166666666666666
153,1466,0.9230769230769231
1341,1454,0.9259259259259259
449,866,0.9285714285714286
784,2725,0.9285714285714286
819,2095,0.9285714285714286
972,1924,0.9285714285714286
1482,1839,0.9285714285714286
1879,2760,0.9285714285714286
739,1685,0.9333333333333333
1879,2732,0.9393939393939394
2106,2462,0.5454545454545454
630,2028,0.6153846153846154
2213,2622,0.6666666666666667
204,1904,0.7272727272727273
204,2574,0.7272727272727273
1566,2694,0.7272727272727273
2106,2684,0.7272727272727273
204,2213,0.7333333333333334
1563,2753,0.7692307692307692
2347,2993,0.7692307692307692
1563,2684,0.7777777777777778
2879,2907,0.7777777777777778
148,634,0.782608695652174
1142,2176,0.782608695652174
343,1592,0.8
973,2879,0.8076923076923077
2993,3192,0.8125
1422,2990,0.8148148148148149
894,2204,0.8181818181818181
630,1242,0.8235294117647058
1946,2753,0.8235294117647058
2851,2907,0.8285714285714285
204,1566,0.8333333333333334
1592,1597,0.8333333333333334
343,2851,0.8387096774193549
39,634,0.84
39,1592,0.8421052631578947
493,1597,0.8421052631578947
343,2556,0.8461538461538461
2932,2990,0.8461538461538461
47,1142,0.85
47,1607,0.85
148,2753,0.85
1142,1587,0.8518518518518519
1242,2907,0.8518518518518519
1587,2216,0.8518518518518519
224,2851,0.8529411764705882
114,2216,0.8571428571428572
204,1099,0.8571428571428572
204,1359,0.8571428571428572
493,1971,0.8571428571428572
1607,2993,0.8571428571428572
2028,2347,0.8571428571428572
2556,3028,0.8571428571428572
2932,3192,0.8571428571428572
1669,2216,0.8620689655172413
47,1099,0.8666666666666667
47,1395,0.8695652173913043
61,148,0.8695652173913043
114,1165,0.875
204,2528,0.875
646,1709,0.875
646,1946,0.875
1112,2851,0.875
2684,2999,0.8823529411764706
61,181,0.8888888888888888
116,3192,0.8888888888888888
343,1948,0.8888888888888888
397,2106,0.8888888888888888
1741,2932,0.8888888888888888
1783,2684,0.8888888888888888
144,493,0.9
634,1226,0.9
1563,2034,0.9
894,1226,0.9047619047619048
1449,1587,0.9047619047619048
96,1669,0.9090909090909091
181,1134,0.9090909090909091
2034,3160,0.9090909090909091
634,2995,0.9130434782608696
174,1783,0.9166666666666666
630,1788,0.9166666666666666
646,2396,0.9166666666666666
1155,1946,0.9166666666666666
174,2021,0.9230769230769231
630,2179,0.9285714285714286
1134,1472,0.9333333333333333
1422,1475,0.9411764705882353
39,2867,1.0
1200,1411,0.7
44,2860,0.7272727272727273
2771,3043,0.736842105263158
44,2479,0.75
785,1886,0.75
1886,3043,0.75
2512,2795,0.75
121,1955,0.76
1526,1955,0.7619047619047619
1886,2765,0.7692307692307692
1908,2479,0.7692307692307692
1612,1923,0.7727272727272727
1886,2469,0.7777777777777778
2716,2985,0.7777777777777778
873,1923,0.7857142857142857
2310,2985,0.7894736842105263
2716,3058,0.7894736842105263
328,2860,0.8
360,947,0.8
962,3058,0.8
1886,2985,0.8
2400,3058,0.8
2473,2924,0.8
2771,3052,0.8
1756,3043,0.8095238095238095
1908,2611,0.8095238095238095
1955,3147,0.8095238095238095
244,785,0.8125
244,2479,0.8125
1219,1293,0.8125
199,2141,0.8148148148148149
829,2860,0.8181818181818181
962,3191,0.8181818181818181
1721,1756,0.8181818181818181
2199,3052,0.8181818181818181
44,1576,0.8235294117647058
165,3191,0.8235294117647058
1526,2611,0.8260869565217391
2512,2765,0.8260869565217391
1367,1428,0.8275862068965517
121,498,0.8333333333333334
127,3052,0.8333333333333334
529,2512,0.8333333333333334
961,2479,0.8333333333333334
1756,2312,0.8333333333333334
2188,2199,0.8333333333333334
386,3110,0.8421052631578947
670,1576,0.8421052631578947
1217,2698,0.8421052631578947
2122,2716,0.8421052631578947
1612,2473,0.8461538461538461
1612,2795,0.8461538461538461
199,1102,0.85
1428,1955,0.8518518518518519
44,480,0.8571428571428572
199,3110,0.8571428571428572
289,3211,0.8571428571428572
360,2188,0.8571428571428572
941,1217,0.8571428571428572
941,1250,0.8571428571428572
1217,3043,0.8571428571428572
1399,1923,0.8571428571428572
256,2795,0.8620689655172413
1266,1955,0.8620689655172413
2141,2188,0.8636363636363636
744,947,0.8666666666666667
2038,2795,0.8666666666666667
298,2042,0.875
328,1994,0.875
332,1293,0.875
947,1051,0.875
1399,1434,0.875
1908,2942,0.875
1955,2858,0.88
95,2765,0.8823529411764706
869,2771,0.8823529411764706
1316,2479,0.8823529411764706
1516,1756,0.8823529411764706
2716,3211,0.8823529411764706
298,386,0.8888888888888888
947,1028,0.8888888888888888
1250,1293,0.8888888888888888
1411,2038,0.8888888888888888
447,3005,0.8928571428571429
1222,1266,0.8928571428571429
85,2199,0.8947368421052632
447,941,0.8947368421052632
2131,2141,0.8947368421052632
480,1420,0.9
947,2523,0.9
1401,1886,0.9
1516,2898,0.9
793,2400,0.9047619047619048
962,1743,0.9047619047619048
834,947,0.9166666666666666
947,3051,0.9166666666666666
85,193,0.9230769230769231
85,3184,0.9285714285714286
1721,2005,0.9285714285714286
257,1555,0.7692307692307692
257,2915,0.7894736842105263
315,2915,0.8095238095238095
201,2443,0.8275862068965517
257,2863,0.8333333333333334
2443,2767,0.84
903,2623,0.8421052631578947
214,2623,0.8461538461538461
255,1555,0.8461538461538461
2474,2915,0.8461538461538461
838,2475,0.8518518518518519
1312,2475,0.8518518518518519
2321,2623,0.8518518518518519
281,1700,0.8571428571428572
1076,2863,0.8571428571428572
1312,2623,0.8571428571428572
50,903,0.8636363636363636
257,903,0.8636363636363636
2443,3013,0.8636363636363636
176,2869,0.8666666666666667
330,3024,0.8666666666666667
903,2271,0.8666666666666667
597,838,0.8695652173913043
1555,3024,0.875
1774,2623,0.875
2623,2869,0.875
330,1085,0.88
1076,2767,0.88
2869,3064,0.8888888888888888
2443,2779,0.8928571428571429
2767,3095,0.8928571428571429
255,1564,0.8947368421052632
1697,3024,0.9
565,903,0.9090909090909091
1052,2474,0.9090909090909091
535,1774,0.9166666666666666
1131,2321,0.9189189189189189
1301,2507,0.9285714285714286
1076,2507,0.9523809523809523
281,2474,0.9565217391304348
50,1361,1.0
647,740,0.6363636363636364
601,647,0.6923076923076923
603,740,0.7333333333333334
311,2117,0.75
647,1354,0.75
1379,2900,0.75
740,1606,0.7857142857142857
1582,1860,0.7894736842105263
350,1684,0.8
740,3141,0.8
924,1606,0.8
1240,1345,0.8
647,1437,0.8125
647,2394,0.8181818181818181
740,2683,0.8181818181818181
551,2757,0.8235294117647058
468,2632,0.8260869565217391
740,2632,0.8260869565217391
1345,1926,0.8260869565217391
1379,1582,0.8333333333333334
601,1582,0.8421052631578947
2683,2987,0.8421052631578947
411,2632,0.84375
1582,2117,0.8461538461538461
237,1255,0.85
489,2215,0.8518518518518519
1967,2632,0.8536585365853658
411,683,0.8571428571428572
411,1972,0.8571428571428572
489,1503,0.8571428571428572
601,749,0.8571428571428572
783,1345,0.8571428571428572
783,1441,0.8571428571428572
911,1582,0.8571428571428572
1354,3055,0.8571428571428572
382,1582,0.8636363636363636
489,2757,0.8636363636363636
647,2215,0.8636363636363636
468,737,0.8695652173913043
411,1044,0.875
601,680,0.875
603,2822,0.875
647,1926,0.875
740,2073,0.875
1240,1884,0.875
749,3007,0.88
1427,1441,0.8823529411764706
237,411,0.8888888888888888
647,1856,0.8888888888888888
1806,1856,0.8888888888888888
783,2624,0.8947368421052632
737,1575,0.9032258064516129
237,1201,0.9047619047619048
82,783,0.9090909090909091
822,2117,0.9090909090909091
1072,2045,0.9090909090909091
2452,2632,0.9090909090909091
237,2045,0.9166666666666666
818,2683,0.9166666666666666
740,1056,0.9230769230769231
1183,1884,0.9285714285714286
2471,2822,0.9285714285714286
237,1386,0.9333333333333333
1345,2431,0.95
1575,1716,0.9565217391304348
82,350,1.0
82,3224,1.0
719,2825,0.7142857142857143
719,2239,0.7333333333333334
888,2324,0.75
1940,2849,0.7619047619047619
618,2100,0.7777777777777778
259,719,0.7857142857142857
888,2309,0.7857142857142857
542,1015,0.8
2541,2849,0.8
856,2406,0.8076923076923077
1130,3123,0.8095238095238095
2239,3123,0.8095238095238095
140,2324,0.8125
542,2825,0.8125
719,1940,0.8125
1015,2324,0.8125
1944,2693,0.8214285714285714
259,2406,0.8235294117647058
1015,3120,0.8235294117647058
1470,3120,0.8235294117647058
1470,2604,0.8260869565217391
2239,2693,0.8260869565217391
496,3199,0.8333333333333334
618,2451,0.8333333333333334
659,1413,0.8333333333333334
719,1235,0.8333333333333334
770,2324,0.8333333333333334
1413,2309,0.8333333333333334
3029,3199,0.8333333333333334
3123,3197,0.8333333333333334
323,2541,0.8387096774193549
140,2075,0.8421052631578947
2024,2825,0.8421052631578947
1235,1528,0.8461538461538461
1285,3123,0.8461538461538461
1470,2662,0.8461538461538461
2451,2604,0.8461538461538461
233,2719,0.85
233,2557,0.8518518518518519
323,393,0.8518518518518519
2710,2849,0.8518518518518519
542,2593,0.8571428571428572
659,1870,0.8571428571428572
719,3046,0.8571428571428572
1015,2196,0.8571428571428572
1235,2803,0.8571428571428572
2557,2710,0.8571428571428572
3029,3197,0.8571428571428572
500,3120,0.8666666666666667
542,1060,0.8666666666666667
2239,2270,0.8666666666666667
1215,1470,0.8695652173913043
115,2803,0.875
659,2743,0.875
1500,2743,0.875
2039,3046,0.8823529411764706
574,659,0.8846153846153846
2113,3029,0.8846153846153846
1015,2017,0.8888888888888888
1097,2309,0.8888888888888888
2058,3123,0.8928571428571429
149,2563,0.9
770,1013,0.9
716,2196,0.9047619047619048
876,1944,0.9047619047619048
659,2563,0.9090909090909091
2239,2314,0.9090909090909091
641,2710,0.92
115,3116,0.9230769230769231
292,641,0.9285714285714286
547,2784,0.8333333333333334
200,2097,0.84
2097,2784,0.84
418,1819,0.8461538461538461
1641,2151,0.8461538461538461
2097,2521,0.8461538461538461
314,1473,0.8571428571428572
547,2922,0.8571428571428572
2483,3146,0.8571428571428572
373,1659,0.8620689655172413
1473,2521,0.8620689655172413
2097,2977,0.8620689655172413
2078,2766,0.8636363636363636
2151,2483,0.8636363636363636
377,2483,0.8695652173913043
514,907,0.8695652173913043
547,907,0.8695652173913043
547,1758,0.8695652173913043
1758,2151,0.8695652173913043
514,847,0.875
895,2097,0.875
1819,2784,0.875
2097,2876,0.875
200,1368,0.88
314,1347,0.8823529411764706
200,2766,0.8888888888888888
377,495,0.8888888888888888
1819,2472,0.9047619047619048
1311,1758,0.90625
1644,2521,0.9090909090909091
418,3175,0.9166666666666666
1659,1819,0.9166666666666666
847,1408,0.9230769230769231
175,1368,0.95
175,375,1.0
175,2714,1.0
1641,165,0.75
465,1640,0.6666666666666667
465,440,0.7333333333333334
2480,1687,0.85
3114,1248,0.7692307692307692
465,879,0.7142857142857143
903,2914,0.6666666666666667
865,1668,0.7222222222222222
259,20,0.6666666666666667
259,28,0.6666666666666667
851,2699,0.7619047619047619
2480,769,0.8
2977,2480,0.8571428571428572
259,2375,0.7142857142857143
2128,34,0.875
1242,2766,0.8
1727,1571,0.6666666666666667
2441,1532,0.85
2480,2683,0.8461538461538461
